8447.0255 
8471.4371 
8451.2961 
8441.8460 
8425.6483 
8444.7380 
8524.5113 
8539.6162 
8456.7949 
8433.0953 
8484.4965 
8453.3220 
8478.3303 
8429.6060 
8491.8370 
8433.1722 
8474.5920 
8428.6489 
8464.3468 
8467.8804 
8406.1068 
8449.8297 
8518.3354 
8422.6834 
8448.3113 
8447.3164 
8461.0725 
8467.3487 
8505.8173 
8452.7633 
8480.3678 
8487.4512 
8462.9637 
8467.6437 
8493.0177 
8484.8851 
8451.4316 
8448.2920 
8399.3803 
8499.9571 
8448.4196 
8396.5884 
8494.1074 
8473.7637 
8457.4797 
8432.3410 
8489.7731 
8456.6774 
8469.0177 
8455.0484 
