8417.0294 
8421.8693 
8483.7528 
8460.8037 
8396.4239 
8437.3163 
8464.9749 
8455.5733 
8380.6222 
8390.6848 
8471.1360 
8403.0058 
8445.4001 
8458.2921 
8462.7101 
8424.0300 
8475.4804 
8483.7282 
8464.1692 
8415.6202 
8474.4572 
8414.7325 
8464.9182 
8475.9684 
8436.7355 
8430.1354 
8483.4514 
8434.5525 
8397.5633 
8449.8010 
8492.9642 
8430.6401 
8435.0827 
8447.1431 
8451.8621 
8458.4519 
8422.6228 
8476.6293 
8428.6828 
8460.6262 
8510.8355 
6414.3145 
8482.5963 
8514.0574 
8477.6605 
8448.9827 
8418.0423 
8446.2976 
8447.8633 
8453.5858 
