8481.6040 
8429.2275 
8447.6385 
8455.1844 
8422.9017 
8448.5236 
8398.7113 
8410.7734 
8487.8645 
8453.7010 
8543.2374 
8454.2012 
8450.0908 
8488.9493 
8453.4328 
8431.9184 
8465.1464 
8474.1684 
8439.1145 
8417.7178 
8436.2938 
8409.8098 
8450.7657 
8446.8083 
8462.3930 
8425.6795 
8491.9895 
8413.5477 
8495.2914 
8472.4439 
8434.6795 
8455.2690 
8462.6011 
8458.4375 
8441.8510 
8461.7726 
8455.8667 
8468.2044 
8492.9236 
8448.4991 
8493.7330 
8475.2007 
8466.6690 
8430.2557 
8425.7917 
8463.0981 
8454.1742 
8438.6518 
8440.1984 
8440.8409 
