999.9714 
999.9555 
999.9726 
999.9853 
999.9810 
999.9592 
999.9243 
999.9841 
999.9720 
999.9575 
999.9309 
999.9466 
999.9809 
999.9540 
999.9664 
999.9600 
999.9480 
999.9281 
999.9438 
999.9637 
999.9186 
999.9662 
999.9637 
999.9843 
999.9665 
999.9280 
999.9539 
999.9537 
999.9441 
999.9641 
999.9530 
999.9592 
999.9647 
999.9632 
999.9311 
999.9288 
999.9780 
999.9658 
999.9656 
999.9269 
999.9312 
999.9654 
999.9528 
999.9783 
999.9863 
999.9518 
999.9800 
999.9392 
999.9603 
999.9567 
