8225.4710 
8339.6220 
8365.4754 
8374.6919 
8195.6709 
8366.3106 
8312.0223 
8289.1096 
8288.7039 
8289.8554 
8375.4847 
8376.6185 
8260.7364 
8363.4813 
8257.5872 
8264.2343 
8320.7784 
8356.0682 
8347.4722 
8347.3828 
8284.0086 
8418.9106 
8338.4863 
4898.1234 
8283.7555 
8273.9285 
8339.5966 
8321.6274 
8207.9495 
8374.5801 
8347.2468 
6246.3912 
8247.0647 
8277.7221 
8376.7141 
8332.1554 
8272.4682 
8260.7940 
8243.9239 
8277.1161 
8325.6288 
8292.3065 
8208.7843 
8304.2415 
8280.7012 
8392.5777 
8234.7808 
8320.1727 
8265.1555 
8288.7833 
