999.9354 
999.9591 
999.8835 
999.9428 
999.5152 
999.4997 
999.9534 
999.9214 
999.5214 
999.5183 
999.4806 
999.6427 
999.9335 
999.6057 
999.4843 
999.4978 
999.5580 
999.5354 
999.6587 
999.7350 
999.5171 
999.8267 
999.5604 
999.5499 
999.4338 
999.5374 
999.4857 
999.5270 
999.5165 
999.4284 
999.5821 
999.5316 
999.9739 
999.9483 
999.9126 
999.9304 
999.9141 
999.5328 
999.6161 
999.5713 
999.9702 
999.9363 
999.9461 
999.6070 
999.9314 
999.9268 
999.8893 
793.0247 
999.9371 
999.6290 
