8316.9220 
8317.5908 
8248.0449 
8300.7439 
8314.6393 
8236.5588 
8343.3122 
8364.4768 
8305.8233 
7761.6932 
8339.5033 
8210.4518 
8365.4524 
8324.6209 
8323.9123 
8242.2538 
8320.5365 
8369.3812 
8356.5760 
8355.2684 
8352.2556 
8388.9106 
8292.3481 
8253.0223 
8262.5438 
8203.3050 
8225.0223 
8275.0027 
8271.8670 
8295.5301 
8367.6758 
8335.1374 
8318.0411 
8355.8955 
8225.3336 
8257.0308 
8376.7220 
8372.3693 
8345.0159 
8316.9552 
8339.4713 
8294.8202 
8354.0219 
8209.6304 
8373.9866 
8330.3833 
8304.9714 
8337.3676 
8329.3932 
8297.7814 
