2992.0604 
2990.9017 
2984.5670 
2982.3649 
2995.1018 
2033.8993 
2991.6516 
2989.3316 
2992.7880 
2979.6220 
2993.0766 
2993.9557 
2997.3225 
2996.2821 
2994.8309 
2991.7356 
2995.3658 
2979.7277 
2982.7407 
2991.6471 
2992.3390 
2993.5095 
2996.4730 
2997.2729 
2997.4205 
2989.6199 
2990.2962 
2997.1198 
2994.4560 
2996.1344 
2995.5193 
2991.7750 
2990.3320 
2298.6976 
2994.2912 
2980.7633 
2991.8405 
2982.7824 
2975.3726 
2985.8206 
2996.4445 
2996.0966 
2981.7971 
2983.7389 
2993.7302 
2995.0929 
2988.1932 
2991.9420 
2504.7353 
2989.5523 
