6963.0114 
6875.1806 
6922.6507 
6940.9672 
6942.4981 
6905.8302 
6941.2781 
6962.4131 
6933.9655 
6895.2054 
6965.5200 
6966.9328 
6903.9131 
6923.5161 
6907.1561 
6925.6324 
6877.7622 
6936.5196 
6929.6666 
6931.5179 
4521.9229 
6896.7272 
4562.3349 
6911.1035 
6889.1389 
6899.8450 
6935.0465 
6883.8974 
6974.1723 
6933.3909 
6901.6635 
6929.9321 
6897.1724 
6900.7458 
6925.7767 
6879.2288 
6938.9419 
6941.7125 
6928.4594 
6946.0169 
6930.0631 
6971.4660 
6942.1221 
6928.6972 
6913.7583 
6910.6321 
6927.5321 
6850.8004 
6895.2948 
3819.5086 
