8389.9542 
8232.9242 
8303.6812 
8292.3591 
8269.5399 
8168.8231 
8377.3957 
8325.2519 
8144.6274 
8387.0147 
8296.5751 
8325.8694 
8335.5076 
8205.5963 
8165.6555 
8377.3182 
8309.3472 
8346.7976 
8344.8613 
8363.9809 
8309.6917 
8255.0788 
7578.2877 
8398.7224 
8348.9879 
8335.2045 
4894.9102 
8343.5919 
8279.4109 
8313.0051 
8269.2200 
8218.0138 
8196.4198 
8219.5352 
6249.3038 
8162.8945 
8261.0378 
8320.9290 
8288.3091 
8283.3710 
8218.2455 
8280.7568 
4649.2219 
8322.9548 
8321.2802 
8243.2482 
8306.9348 
7790.0398 
8319.3153 
7525.4926 
