6936.2638 
6951.0693 
6940.7654 
6971.6747 
6940.6917 
4850.0764 
6907.3570 
6931.7031 
6907.5514 
6940.3986 
6917.1580 
6930.8779 
6244.0574 
6907.0157 
6952.4531 
6967.2454 
6931.9254 
6948.0654 
6943.7773 
6891.8818 
6937.8413 
5577.3953 
6924.4298 
6899.4441 
6918.3291 
6930.8127 
6965.7332 
6896.3809 
6920.5986 
6936.7220 
6933.2756 
6957.8861 
6909.8237 
6897.6282 
6916.6710 
6942.8137 
6884.1554 
6880.7328 
6888.8879 
6934.7269 
6956.5451 
6952.1305 
6937.2215 
6937.4772 
6901.5972 
6927.7898 
6913.9500 
6946.0628 
6934.1295 
6951.2558 
