4969.4861 
4986.0063 
4735.2603 
4978.7719 
4992.7496 
3447.6104 
4985.5862 
4980.2257 
4988.6148 
4981.8117 
4830.3158 
4994.3867 
4982.6246 
4989.0325 
4994.4589 
4984.6287 
4985.0131 
4979.8028 
4991.5183 
4962.3272 
4986.1391 
4969.6116 
4986.0326 
4972.3765 
4976.9087 
4979.6607 
4992.1528 
4984.4868 
4990.2792 
4977.7882 
4977.8819 
4988.3839 
4968.9787 
4984.7000 
4982.9754 
4161.4577 
4970.3923 
4976.1253 
4974.1049 
4979.3933 
4983.3010 
4983.1871 
4959.5761 
3576.0816 
4982.8605 
4989.6199 
4993.4255 
4972.5309 
4972.6514 
4980.6188 
