8422.7826 
8290.2661 
8310.8016 
8303.2050 
8451.8291 
8280.3236 
8452.1998 
8337.5630 
8335.1776 
8438.3912 
8350.6960 
8275.7005 
8447.6152 
8440.0147 
8367.7975 
8303.4622 
8418.7903 
8332.3377 
8445.3920 
8397.8876 
8438.1073 
8303.2727 
8410.9154 
8413.2492 
7831.2292 
8365.6624 
8506.7255 
8319.2635 
8519.5935 
8458.9859 
8408.1644 
8447.1411 
8494.3554 
8382.2709 
8495.0935 
8450.6495 
8446.0589 
8481.6874 
8369.4441 
8460.2216 
8300.5611 
8249.8311 
8415.5370 
8313.3964 
8463.6484 
8395.3831 
8365.1766 
8395.2974 
8293.0646 
7961.0889 
