2993.5434 
2996.4283 
2995.6676 
2997.5169 
2997.4769 
2997.4349 
2984.4063 
2995.5513 
2980.8373 
2996.3633 
2994.9143 
2996.8013 
2930.3723 
2993.2243 
2994.4498 
2995.0135 
2994.2435 
2986.6513 
2997.5403 
2997.5624 
2996.3259 
2991.4014 
2994.5991 
2997.6374 
2989.6104 
2993.3488 
2992.9551 
2996.7983 
2986.8313 
2061.4174 
2983.6933 
2983.8321 
2994.1652 
2991.1495 
2995.7417 
2984.9903 
2994.9404 
2982.0391 
2978.4549 
2995.9691 
2994.9792 
2988.0617 
2994.5643 
2993.0265 
2990.0920 
2992.3739 
2987.3474 
2976.2540 
2997.3932 
2987.2914 
