8439.9211 
8422.8266 
8462.3868 
8471.3733 
8441.6022 
8439.6836 
8473.3939 
8173.3190 
8337.1460 
8504.9007 
8477.6612 
8370.3116 
8433.8162 
8419.8756 
8512.5317 
8312.4461 
8472.8279 
7932.6692 
6420.9713 
6638.7820 
8450.7991 
8517.0745 
4894.5575 
8365.7214 
8277.4592 
8347.5560 
8490.6203 
8512.1409 
8377.7802 
8433.6748 
8485.8556 
8325.0555 
8350.9493 
8432.3716 
8345.7105 
8376.6027 
8423.8314 
7798.7188 
8461.0238 
8310.7339 
8361.6649 
5981.6441 
8389.0488 
8350.4618 
8451.4103 
8501.3971 
8488.2783 
8310.6284 
8328.5041 
8368.9098 
