2990.8558 
2992.9120 
2995.1580 
2983.8415 
2984.2407 
2980.9138 
2995.2111 
2996.7161 
2985.8415 
1791.6859 
2986.3825 
2994.9207 
2993.1261 
2963.5638 
2991.3767 
2989.2912 
2980.3619 
2981.9323 
2997.0212 
2997.1087 
2977.0152 
2983.9322 
2996.7618 
2979.1966 
2993.2607 
2986.3274 
2994.0819 
2986.4452 
2997.3284 
2997.1164 
2993.9542 
2995.3490 
2988.4538 
2993.4001 
2992.9643 
2991.5753 
2973.5569 
2994.3167 
2988.2152 
2989.6774 
2996.7489 
2994.4548 
2995.4688 
2979.6757 
2982.8305 
2993.4298 
2995.9649 
2992.9818 
2996.6468 
2995.0015 
