8248.4315 
8346.9472 
8347.4568 
8305.4750 
8278.4866 
8409.2785 
8391.4742 
7539.3482 
8401.8341 
8345.2159 
8418.5786 
8342.6502 
8332.7539 
8462.4615 
8462.9588 
8217.9485 
8309.2504 
8430.2146 
8469.2377 
8476.3710 
8355.2035 
8425.6184 
8342.8578 
8448.5642 
8447.6027 
8360.1495 
8418.3971 
8523.7504 
8316.9480 
8454.4691 
8444.8325 
8434.1193 
8378.1505 
8306.0940 
8495.6455 
8463.9569 
6985.8412 
8400.1125 
8368.9509 
8389.3016 
8454.7138 
8441.5078 
8383.7628 
8325.0823 
8412.8496 
8402.6008 
8481.3661 
8512.0425 
8406.0615 
8480.9144 
