6029.6210 
8340.2117 
8434.0958 
8450.5768 
8374.0934 
8362.4811 
8380.3888 
8326.1053 
8406.9467 
8412.2837 
8386.0901 
8287.8285 
8403.3026 
8387.8771 
8512.9884 
8373.2921 
8322.6122 
8365.1796 
8479.6005 
8270.8880 
8457.9081 
8444.8071 
8344.1345 
8426.7811 
8373.5770 
8421.2133 
8374.7603 
8343.5089 
8323.7077 
8464.1692 
8339.4131 
8414.0013 
8319.6498 
8375.8197 
8498.5787 
6933.9979 
5872.7195 
8361.4443 
8436.5093 
8440.0145 
8436.1569 
8488.8400 
8299.7783 
8409.4442 
8480.6974 
8488.3761 
8204.3858 
8326.7953 
8500.5141 
8419.3186 
