4993.5050 
4991.9818 
4979.8289 
4988.1662 
4969.6391 
4986.7778 
4982.5005 
4989.6162 
4966.9368 
4954.5819 
4982.9903 
4993.3549 
4994.1953 
4976.2983 
4923.1881 
4987.8384 
4967.1975 
4965.9465 
4973.8994 
4987.9732 
4974.8464 
4321.7814 
4990.5365 
4993.6943 
4993.1055 
4955.2783 
4978.4343 
4987.6097 
4977.4277 
4984.4277 
4979.3479 
4982.8212 
4984.7763 
4980.2601 
4963.3783 
4992.4232 
4962.8141 
4991.4557 
4964.3421 
4993.7072 
4981.3412 
4977.2030 
4974.6237 
4985.3070 
4970.7236 
4986.6010 
4988.5415 
4980.8770 
4991.5852 
4994.4052 
