5762.5330 
5654.0591 
5475.2586 
5874.3747 
5260.2474 
5851.1755 
5858.3093 
5822.7323 
5502.6765 
5870.9927 
5547.2635 
4981.8296 
4866.7022 
5830.2256 
5555.8355 
5780.6176 
5865.9410 
3602.2262 
5831.0992 
5855.5649 
5843.8101 
3918.9325 
5668.4842 
5865.5915 
5869.6659 
5871.4366 
5001.8518 
5867.8321 
3468.4979 
3517.9148 
5891.8247 
3841.3276 
5258.6217 
4020.6538 
3888.5939 
5822.9501 
5870.9780 
4288.0935 
5200.3543 
4976.9379 
5853.2162 
4681.2449 
4901.2973 
5858.9504 
5846.6349 
4410.7915 
5878.8056 
5852.8910 
4348.2463 
5062.5440 
