4989.5475 
4989.0530 
4979.2453 
4992.8835 
4991.0227 
4976.9995 
4990.9303 
4989.6317 
4984.1944 
4985.3499 
4989.1149 
4980.0065 
4993.4202 
4968.2035 
4991.3233 
4988.0346 
4993.8108 
4985.5373 
4983.6597 
4984.3708 
4993.2788 
4971.6957 
4981.9708 
4977.7605 
4994.1772 
4989.6264 
4990.1376 
4984.8156 
4992.5787 
4994.2999 
4987.4071 
4994.0452 
4961.4380 
4970.8160 
4977.0275 
4985.2058 
4975.3884 
4985.2806 
4971.2185 
3596.1148 
4979.2028 
4990.2197 
4988.3040 
4967.4153 
4980.7072 
4965.5137 
4993.3461 
4993.2684 
4837.2929 
4969.9117 
