999.9937 
999.9907 
999.9942 
999.9847 
999.9987 
999.9852 
999.9937 
1000.0044 
999.9869 
999.9725 
999.9345 
999.9756 
999.8570 
999.4650 
999.9763 
999.9731 
1000.0011 
1000.0017 
1000.0042 
999.9748 
1000.0040 
999.9719 
999.9752 
999.9646 
999.9764 
999.1923 
999.9885 
999.9830 
999.9921 
999.9895 
1000.0019 
999.9936 
999.9748 
999.9780 
999.9649 
999.9862 
999.9852 
999.9699 
999.9887 
999.9687 
1000.0009 
999.9881 
999.9851 
999.9832 
999.9851 
999.9685 
999.9034 
999.9425 
999.9845 
999.9839 
