2979.9467 
2982.7908 
2993.7938 
2986.1409 
2975.5231 
2988.1539 
2988.0620 
2966.9890 
2994.3435 
2989.8536 
2980.1674 
2977.1976 
2976.0558 
2989.9186 
2978.9505 
2983.3479 
2950.4364 
2983.5877 
2996.9191 
2963.5891 
2980.5395 
2991.7013 
2987.8629 
2995.6196 
2957.8990 
2986.3189 
2985.4849 
2996.5907 
2974.5964 
2986.9244 
2978.3550 
2975.3710 
2994.5593 
2993.4492 
2989.0027 
2992.4534 
2988.1230 
2990.8922 
2996.2655 
2993.7509 
2994.8512 
2990.8850 
2994.3412 
2994.3050 
2996.1105 
2982.0403 
2996.5653 
2990.0475 
2986.1214 
2984.2751 
