8494.0129 
8422.9773 
8492.6883 
8488.6408 
8429.3554 
8457.1609 
8474.2639 
8464.4880 
8496.2403 
8483.6010 
8468.1838 
8517.5855 
8457.4593 
8525.1095 
8460.9449 
8437.8879 
8444.8766 
8450.1924 
8444.5029 
8469.2725 
8427.7649 
8448.0545 
8461.9423 
8277.7070 
8402.1240 
8454.3122 
8425.1505 
8422.5471 
8374.3412 
8467.6375 
8515.8587 
8396.6278 
8403.8702 
8502.0908 
8480.5041 
8466.8119 
8497.2288 
8437.9532 
8447.5778 
8454.5191 
8461.9332 
8122.1123 
8455.8607 
8498.9901 
8466.1557 
8478.2137 
8451.1569 
8420.3284 
8441.7788 
8481.0530 
