8494.1848 
8465.2640 
8423.8259 
8524.9855 
8378.9404 
8467.4804 
8443.6542 
8448.0706 
8467.9261 
8380.4969 
8503.4114 
8431.9148 
8453.8369 
8509.9417 
8455.0838 
8434.1349 
8437.7823 
8438.4979 
8128.7915 
8495.6403 
8374.0582 
8427.4664 
8470.9356 
8471.3290 
8458.5043 
8430.8491 
8446.8557 
8448.2302 
8448.3241 
8437.9067 
8458.5871 
8437.2362 
8471.5234 
8445.9664 
7920.9949 
8500.7244 
8474.0822 
8449.8264 
8524.1269 
8395.3032 
8443.4765 
8446.0008 
8460.4445 
8429.0397 
8429.1703 
8470.8278 
8447.0763 
8423.7932 
7414.9259 
8424.8766 
