8444.5452 
8507.3759 
8480.4901 
8477.9726 
8448.3781 
8429.1946 
8407.9178 
8464.4329 
8455.2926 
8438.9547 
8478.7623 
8457.5877 
8441.5467 
8493.8104 
8396.2386 
8469.2847 
8434.2813 
8452.2121 
8464.1963 
8490.1088 
8461.5121 
8457.3791 
8483.4560 
8479.7682 
8402.9050 
8403.9153 
8411.9534 
8451.6203 
8418.9027 
8437.3521 
8414.3678 
8439.6157 
8456.0416 
8436.1251 
8436.1182 
8496.8219 
8509.9631 
8413.9003 
8463.1641 
8427.9136 
8414.8564 
8437.7009 
8483.4104 
8432.6323 
8394.5823 
8490.0428 
8466.4965 
8439.3430 
8462.0591 
8462.0751 
