4994.1592 
4990.1947 
4951.5555 
4973.3393 
4984.5809 
2925.9448 
4986.8159 
4971.0490 
4983.4272 
4983.4808 
4991.0217 
4989.9285 
4979.1433 
4984.0793 
4984.5683 
4983.0720 
4980.4763 
4961.4806 
4966.3139 
4989.2647 
4990.9783 
4973.7993 
4991.9951 
4994.1658 
4961.4969 
3242.9794 
4972.2996 
4965.0574 
4991.5522 
4982.9902 
4984.0021 
4956.4770 
4986.7887 
3416.1243 
4974.2208 
4986.1977 
4983.8317 
4975.2222 
4982.3788 
4942.5280 
4993.7031 
4958.1662 
4981.4474 
3279.2496 
4988.8521 
4989.9154 
4962.1236 
4986.8142 
4984.5669 
4992.5327 
