2996.8663 
2977.6773 
2989.8105 
2991.4998 
2989.9254 
2991.7577 
2987.6275 
2993.5333 
2995.3428 
2974.1950 
2993.9496 
2980.0365 
2986.3327 
2993.5340 
2975.5029 
2994.8952 
2993.5905 
2995.9545 
2993.0490 
2993.6803 
2996.9130 
2987.0564 
2993.6213 
2991.1648 
2995.0028 
2978.4814 
2981.2707 
2994.9133 
2054.1981 
2988.2114 
2987.0938 
2994.6425 
2982.8859 
2993.0909 
2995.3405 
2994.7945 
2992.2702 
2987.0535 
2992.0674 
2987.3650 
2989.5816 
2993.2280 
2988.7267 
2979.9009 
2357.7809 
2993.2354 
2995.6551 
2992.5301 
2980.9390 
2985.7834 
