929.6440 
999.9492 
999.9492 
999.9344 
999.9207 
999.5967 
999.5972 
883.0538 
999.5726 
999.8990 
999.5827 
999.5212 
999.5210 
999.8766 
999.5370 
999.9263 
999.9283 
999.9281 
999.9417 
999.9471 
999.6147 
999.9503 
999.9216 
988.5526 
999.9270 
999.9217 
999.9000 
999.9277 
999.9179 
999.9146 
999.9060 
999.9330 
889.2752 
999.8819 
999.9299 
999.4777 
999.4633 
999.3274 
999.4908 
999.6920 
999.5834 
999.4933 
999.5032 
999.4587 
999.4531 
999.4783 
999.4823 
999.6192 
999.5164 
999.9177 
