8377.1180 
8332.5029 
8355.0718 
8329.8470 
8233.1557 
8314.6106 
8320.4597 
8369.8122 
8340.9917 
8360.6054 
8103.7524 
8243.6977 
8371.1396 
8390.2565 
8178.8630 
8235.4488 
8338.7791 
8309.9843 
8265.7198 
8378.6950 
8304.7574 
8338.9548 
8305.5028 
8276.3421 
8389.4167 
8348.6924 
8366.7621 
8401.6402 
8275.1121 
8369.4142 
8253.3151 
8332.4599 
8282.2524 
8344.7109 
8271.9154 
8285.7021 
8358.5202 
8383.5420 
8218.6603 
8061.9262 
8304.7521 
8308.1797 
8311.9491 
8350.9439 
8448.1673 
8398.5369 
8251.7730 
8371.4672 
8332.8928 
8371.7926 
