5870.8051 
5878.6199 
5506.7825 
5916.4131 
4922.4999 
5915.6286 
5924.3637 
5913.5722 
5923.8626 
5909.5452 
5917.3376 
5413.1016 
4962.4220 
5931.0512 
5478.2368 
5923.7721 
5781.5409 
5919.7528 
5891.5281 
5892.6146 
5922.7168 
5920.1026 
5902.3015 
5492.2952 
5919.7753 
5697.7434 
5936.7939 
4210.6662 
5922.6688 
5927.6564 
5926.1432 
5644.1999 
5921.1112 
4063.2621 
4729.3473 
5742.2724 
4942.4832 
5904.2162 
5917.7875 
5914.9630 
5897.7459 
5935.1094 
5474.6639 
5941.9146 
5897.8154 
5932.3177 
5842.9757 
5915.2220 
5933.6392 
5931.9905 
