6907.5688 
6939.8437 
6903.8820 
6880.3215 
6900.1524 
6973.0575 
6932.0641 
6919.8412 
6970.3733 
6949.8198 
6943.1709 
6885.1530 
6972.7039 
6927.0795 
6955.4324 
6914.3805 
6908.8237 
6950.3049 
6949.2866 
6894.7034 
6930.2904 
6930.3118 
6959.9240 
6911.5043 
6911.7869 
6918.9240 
6888.6037 
6921.2925 
6938.9786 
6925.3038 
6943.2950 
6861.8680 
6915.7856 
6881.3453 
6912.4463 
6942.0749 
6891.3477 
6919.6335 
6938.7362 
6940.1138 
6892.1896 
6926.0824 
6928.0389 
6931.3911 
6931.3123 
6911.2722 
6924.3657 
3924.6266 
6951.2939 
6941.0298 
