6913.9911 
6935.4982 
6905.0408 
6944.4855 
6918.1053 
6943.3905 
6916.1149 
6908.4757 
6923.4208 
6914.5667 
6926.3014 
6935.9751 
6901.0823 
6940.7364 
6957.9099 
6585.0881 
6869.2588 
6945.1314 
6950.1943 
6920.6937 
6942.8722 
6927.5149 
6933.0111 
6952.2588 
6939.3013 
6934.5467 
6905.8030 
6940.4194 
6920.3719 
6926.0388 
6940.8851 
6932.1017 
6904.6235 
6911.5335 
6920.5168 
6931.8094 
6907.1326 
6933.9821 
6926.4063 
6935.8085 
6931.8868 
6957.5104 
6942.9736 
6908.0187 
6931.4907 
6270.2859 
6947.7024 
6946.7122 
6934.0768 
6949.3553 
