8362.9780 
8322.0063 
8321.6869 
8245.1433 
8332.8965 
8287.5869 
8255.1325 
8292.5244 
8238.5497 
8307.6257 
8273.0106 
8320.0739 
8259.5735 
8230.8039 
8218.9295 
8321.2722 
8385.4904 
8336.8276 
8288.6911 
8197.4830 
8173.6100 
8438.7933 
8301.3697 
8294.2495 
8280.4891 
8275.5170 
8095.4788 
8375.5271 
8389.6809 
8239.3727 
8299.4762 
8312.1526 
8291.5252 
8237.4140 
8340.4812 
8269.7294 
8344.2469 
8247.6005 
8349.9231 
8305.3469 
8159.7070 
8343.3618 
8321.8064 
8295.1601 
8295.9296 
8319.6107 
8349.3362 
8228.5720 
8404.1516 
8399.1006 
