4261.1285 
5942.1164 
5660.2582 
5681.1481 
4110.1184 
5137.4969 
5882.1191 
5924.4899 
3899.6061 
5930.7158 
5856.5947 
5895.0931 
5919.2927 
3831.2957 
5355.9068 
5924.2267 
5904.4137 
5952.0445 
4774.3298 
4568.5519 
5938.2980 
5936.7598 
5927.6608 
3363.4849 
5918.3308 
4936.6470 
5921.9575 
4964.3834 
4154.0439 
5905.3306 
5941.7537 
5880.3956 
5946.6415 
5895.3798 
4571.0212 
5909.8515 
4698.1158 
5926.5337 
5932.4615 
5868.6851 
5890.8848 
5897.9491 
5936.0405 
5895.3953 
5918.6554 
4819.0718 
5221.0965 
5912.9671 
5911.7714 
4542.1069 
