951.4303 
999.9414 
999.8736 
999.4927 
999.5382 
999.5532 
998.8338 
999.5598 
999.7609 
999.5586 
999.5504 
999.5283 
999.5343 
999.4817 
999.6655 
999.9461 
999.9502 
999.5558 
999.9559 
784.8161 
999.5183 
999.5264 
999.6577 
999.9637 
999.5801 
999.5230 
999.5454 
999.3807 
999.5274 
999.5350 
999.9263 
999.5642 
999.4999 
999.5008 
999.5254 
999.8980 
999.5282 
999.5002 
999.4947 
747.4214 
773.0376 
999.4882 
999.5297 
999.4843 
999.4617 
999.4942 
999.5068 
999.6095 
999.9235 
999.7183 
