4969.0210 
4965.7205 
4984.2297 
4990.9777 
4992.5471 
4965.3779 
4960.5780 
4981.7626 
4989.0754 
4979.7310 
4973.9165 
4985.5535 
4986.0154 
4991.8405 
4957.4316 
4992.1044 
4971.1045 
4978.1151 
4984.1170 
4979.7867 
4981.1370 
4963.2649 
4965.8355 
4978.4945 
4982.2481 
4975.8833 
4992.5257 
4983.9960 
4968.9491 
4993.8170 
4991.5462 
3690.2014 
4947.7795 
4979.6573 
4967.2597 
4976.1432 
4979.5301 
4967.2244 
4976.0746 
4989.2696 
4974.1771 
4993.2222 
4984.1224 
4981.2349 
4952.6275 
4990.3470 
4990.1443 
4993.1323 
4958.3558 
4967.0328 
