2977.1887 
2978.5304 
2994.5742 
2993.4902 
2988.6820 
2988.6692 
2988.3640 
2995.8248 
2966.5370 
2992.3302 
2988.0589 
2995.4067 
2982.8933 
2993.3396 
2997.5335 
2996.9866 
2978.1675 
2995.3610 
2982.4784 
2993.7706 
2983.3652 
2983.8892 
502.6679 
502.4174 
2992.6399 
2991.5573 
2990.3960 
2975.8278 
2968.8116 
2989.9877 
2993.1013 
2968.5891 
2992.9443 
2996.4195 
2990.7825 
2997.4025 
2987.9723 
2990.0952 
2993.8015 
2995.8942 
2980.6574 
2992.3396 
2994.0685 
2993.0014 
2992.9423 
2992.7275 
2997.0537 
2993.4424 
2991.5071 
2994.4930 
