4982.7090 
3525.9742 
4943.3302 
4977.5990 
4985.4710 
4985.2329 
4965.3074 
4992.4227 
3220.6692 
2924.7415 
4992.6590 
4994.1786 
4983.8358 
3747.5230 
4968.4465 
4984.4382 
4989.3688 
4978.0967 
4991.7628 
4984.2438 
4994.0727 
4976.6340 
4951.4144 
4991.2532 
4952.9402 
4984.5520 
4970.0283 
4974.9515 
4974.2713 
4978.3644 
4982.2275 
4952.3896 
4991.8744 
2876.3175 
4983.0092 
4972.3878 
759.2114 
4960.8845 
4991.3835 
4976.6570 
4986.8469 
4973.5843 
4969.2739 
4976.5503 
4962.0875 
4989.8859 
4972.6592 
4981.0248 
4952.9292 
4989.6715 
