8138.9786 
8450.2695 
8329.6768 
5440.0741 
8324.6895 
8264.0147 
8454.6546 
4569.7064 
8389.2766 
8386.7765 
8453.0381 
8295.7594 
8177.0700 
8294.6309 
8360.6628 
8266.8022 
8241.2839 
8322.6246 
8498.9866 
8340.4535 
5387.1384 
8380.3130 
8402.5569 
8373.6911 
8440.4044 
8353.6736 
8333.9108 
8335.6846 
8416.0151 
8364.3152 
8426.1518 
8411.1644 
8323.2107 
8416.1053 
8410.6192 
8344.5872 
8412.3651 
8445.7577 
8387.1780 
8312.0659 
8380.6692 
8344.2780 
8266.4570 
8331.8144 
7161.6570 
8437.0673 
8376.8202 
8413.3661 
8399.2478 
8437.2363 
