6961.2447 
6925.9836 
6933.9730 
6938.3857 
6907.0529 
6949.7835 
6938.5870 
6928.1984 
6919.7116 
6955.1760 
6959.8059 
6925.9425 
6959.2318 
6935.1275 
6932.5415 
6947.3419 
6942.5145 
6934.7984 
6941.4651 
6953.5777 
6918.1515 
6887.1606 
6915.0231 
6931.3180 
6939.9499 
6920.6276 
6918.7080 
6946.6942 
6909.2476 
6944.0189 
6928.8916 
6859.4873 
6946.0473 
6959.3610 
6912.1094 
6897.9138 
6941.3082 
6931.5827 
6938.5896 
6961.7052 
6891.9946 
6940.5955 
6952.3360 
6954.3097 
6956.0763 
6869.3717 
6900.9486 
6945.9592 
6928.8237 
6959.9967 
