999.9198 
999.9195 
999.9392 
999.9425 
999.9416 
999.9059 
999.8902 
999.8329 
999.9556 
999.5933 
999.5786 
999.6472 
999.9772 
999.9451 
999.9579 
999.9271 
999.5020 
999.5568 
999.5260 
999.9537 
999.5448 
999.8310 
999.5014 
999.5291 
999.5441 
999.4829 
999.4953 
999.5423 
999.5037 
986.8270 
999.8934 
999.5723 
999.9024 
999.9527 
999.6624 
999.9016 
999.9786 
999.6190 
999.9463 
999.9439 
999.9085 
999.5863 
999.6117 
999.5955 
999.5003 
999.9085 
999.9692 
999.9096 
999.9434 
999.9935 
