100.0035 
100.0034 
100.0039 
100.0038 
100.0038 
100.0034 
100.0033 
100.0029 
100.0032 
100.0040 
100.0048 
100.0035 
100.0041 
100.0050 
100.0032 
100.0029 
100.0041 
100.0051 
100.0020 
100.0036 
100.0029 
100.0041 
100.0040 
100.0040 
100.0044 
100.0034 
100.0033 
100.0030 
100.0044 
100.0040 
100.0040 
100.0033 
100.0042 
100.0035 
100.0034 
100.0043 
100.0044 
100.0050 
100.0043 
100.0034 
100.0035 
100.0042 
100.0035 
100.0034 
100.0033 
100.0036 
100.0041 
100.0028 
100.0045 
100.0034 
