8137.5411 
8341.3513 
8234.3473 
8354.9770 
8261.4868 
8284.0481 
8324.5202 
8323.1078 
8221.4697 
8245.4501 
8346.5875 
8288.5243 
8301.1610 
8257.1578 
8233.7861 
8328.8661 
8199.9710 
8337.4991 
8303.8600 
8216.7163 
8250.9084 
8275.7092 
8219.8457 
8293.5871 
8191.2004 
3849.6294 
8287.0637 
8266.0239 
8328.2104 
7533.7055 
8194.3455 
8281.8837 
8261.4357 
8215.3340 
8319.5237 
4301.5080 
8201.5933 
8220.8378 
8246.0986 
8110.8228 
8233.9071 
8320.5725 
8314.9463 
8225.6568 
8310.9832 
8195.7185 
8251.1397 
8276.1060 
8301.5759 
8306.8837 
