11000.42 
11030.82 
10941.98 
10920.43 
10894.01 
11132.06 
11062.32 
11074.55 
11043.91 
10899.35 
11122.42 
11028.91 
11065.93 
10906.43 
10890.45 
10950.41 
11072.73 
11158.31 
11043.79 
11053.58 
10942.67 
11089.50 
11028.31 
10841.62 
11108.00 
11010.44 
11055.50 
11059.25 
11034.62 
10995.97 
11043.09 
11097.48 
11085.63 
10922.74 
11114.25 
11040.82 
11043.06 
10881.58 
10957.90 
11049.23 
10938.96 
11038.80 
11069.12 
10956.01 
10954.19 
10971.95 
10944.78 
11065.85 
11083.44 
10984.43 
