10331.41 
10371.07 
10330.96 
10365.43 
10321.38 
10324.26 
10350.67 
10332.16 
10307.52 
10410.49 
10356.26 
10339.00 
10348.81 
10357.69 
10374.03 
10350.05 
10378.02 
10338.68 
10381.18 
10331.51 
10363.48 
10391.32 
10323.56 
10345.18 
10341.00 
10374.35 
10343.46 
10355.92 
10382.99 
10370.77 
10326.00 
10323.21 
10321.30 
10309.72 
10366.84 
10292.87 
10377.94 
10367.32 
10361.24 
10382.62 
10371.97 
10317.41 
10347.28 
10378.34 
10327.56 
10331.54 
10360.62 
10305.81 
10349.53 
10348.80 
