10637.16 
10672.52 
10705.50 
10693.88 
10590.60 
10690.20 
10677.07 
10661.07 
10662.35 
10643.63 
10607.31 
10733.89 
10662.00 
10615.77 
10609.77 
10637.10 
10699.23 
10715.78 
10609.12 
10664.20 
10687.18 
10677.93 
10675.86 
10660.75 
10706.67 
10647.12 
10694.07 
10645.90 
10668.05 
10597.78 
10651.20 
10707.66 
10670.59 
10632.57 
10663.36 
10681.99 
10681.08 
10642.71 
10652.05 
10612.88 
10668.20 
10676.16 
10681.25 
10687.14 
10641.87 
10638.15 
10619.24 
10607.77 
10677.91 
10611.67 
