804.1572 
999.9078 
999.8562 
999.9074 
999.8211 
999.8794 
999.8790 
999.8963 
999.9100 
999.8427 
999.9377 
999.8573 
999.9173 
999.9207 
999.9112 
999.9184 
999.9164 
999.8809 
999.9308 
999.9175 
999.9442 
999.8310 
999.8814 
999.9085 
999.9283 
999.9089 
999.8989 
999.9140 
633.3958 
999.9024 
999.8883 
999.8679 
999.9021 
999.8755 
999.9001 
999.8842 
999.8398 
999.8667 
999.8922 
999.8986 
999.9044 
999.8864 
999.9267 
999.8517 
999.9070 
999.9160 
999.8835 
999.9247 
999.9044 
999.8910 
