8415.3121 
8461.0971 
8468.0106 
8498.8463 
8391.9306 
8517.2501 
8471.4005 
8516.3551 
8424.8046 
8412.4425 
8454.3915 
8414.0037 
8509.2901 
8488.7113 
8498.1830 
8462.6634 
8423.4513 
8474.4317 
8433.0369 
8439.0113 
8524.2573 
8434.9857 
8465.5023 
8437.9826 
8431.5202 
8477.6633 
8391.3600 
8444.4244 
8421.7253 
8476.1308 
8490.7456 
8433.9768 
8486.0293 
8471.1547 
8471.3974 
8446.2758 
8480.4469 
8421.6508 
8459.6446 
8434.2443 
8456.5480 
7434.1714 
8475.6950 
8375.9971 
8471.5385 
8497.9535 
8096.4327 
8463.2900 
8440.7604 
8529.0006 
