1997.7249 
1990.2387 
1993.0158 
1993.3852 
1997.2358 
1997.6655 
1997.8115 
1990.1196 
1997.7198 
1990.2965 
1995.4278 
1993.0255 
1985.3307 
1995.0964 
1995.3873 
1996.8208 
1989.6886 
1995.8132 
1996.9211 
1992.1444 
1998.3945 
1998.4383 
1995.4569 
1990.9578 
1998.4967 
1994.9908 
1990.0305 
1989.6321 
1992.7708 
1998.3499 
1997.7460 
1934.5738 
1997.8569 
1994.0110 
1998.3463 
1998.0596 
1992.4219 
1994.7970 
1990.4912 
1995.0905 
1998.3677 
1992.1969 
1997.5056 
1997.9094 
1998.3493 
1992.4251 
1998.3217 
1998.4669 
1989.3192 
1995.0799 
