9410.1161 
9406.9492 
9407.0514 
9406.4484 
9405.6852 
9406.1517 
9406.0328 
9406.1835 
9406.4126 
9406.1449 
9406.6667 
9406.4766 
9406.1757 
9339.6290 
9406.4239 
9406.7734 
9406.6747 
9406.0495 
9404.9669 
9406.2359 
9405.2475 
9407.0397 
9406.2847 
9406.4216 
9406.9492 
9406.3520 
9406.1468 
9406.6486 
9406.9417 
9406.1879 
9406.6599 
9406.0081 
9406.5755 
9406.3837 
9403.4544 
9405.4666 
9405.8521 
9406.1889 
9406.2728 
9406.2629 
9406.4514 
9406.1202 
9406.1106 
9406.2260 
9406.8072 
9406.4939 
9406.9276 
9406.0815 
9401.6862 
9405.9884 
