6900.1848 
6912.2797 
6938.2235 
6909.4717 
6874.8083 
6952.9511 
6610.3188 
6954.6943 
6922.0680 
6904.7690 
6933.2430 
6930.6802 
6911.8290 
6947.5602 
6949.1567 
6888.7820 
6922.8015 
6884.2987 
6945.7629 
6962.0058 
6909.4263 
6892.3467 
6918.9558 
6950.8718 
6942.4106 
6912.1241 
5646.6269 
6910.1801 
6917.2030 
6939.3311 
6934.2160 
6924.1153 
6927.8891 
6795.1149 
6962.9487 
6907.5461 
6916.4036 
6897.9591 
6953.6123 
6965.0549 
6941.4881 
6889.0865 
6950.4785 
6919.7519 
6925.5666 
6936.5860 
6950.4210 
6934.3834 
6936.0439 
6952.7630 
