2984.9535 
2985.8136 
2982.6450 
2994.1215 
2992.2244 
2996.5801 
2997.1852 
2981.8234 
1736.8659 
1810.0940 
2971.8182 
2986.4862 
2982.1719 
2993.1002 
2992.6479 
2992.8484 
2996.2049 
2997.1548 
2987.9025 
2988.7861 
2996.2619 
2979.2975 
2996.5098 
1724.6605 
2979.6693 
2997.2316 
2994.1472 
1736.4927 
2981.5706 
2997.3560 
2971.2192 
2991.6366 
2997.2788 
2984.0128 
2993.9147 
2996.4635 
2993.6701 
2980.4457 
1057.8986 
2978.2928 
503.2279 
2977.4520 
2989.0559 
502.7875 
2985.4871 
2981.8446 
2989.1399 
2989.4107 
2984.7446 
2987.3026 
