999.9685 
999.9915 
999.9919 
999.9756 
999.9647 
999.9072 
999.9651 
999.9643 
999.9743 
999.9473 
999.9872 
999.9792 
999.9746 
999.9850 
999.9905 
999.9748 
999.9788 
999.9642 
999.9506 
999.9561 
748.8929 
789.2886 
999.9756 
999.9978 
758.7883 
999.9786 
999.9722 
999.9938 
999.9271 
999.9867 
999.9840 
999.9543 
999.9773 
999.9821 
999.9781 
999.9821 
1000.0001 
999.9317 
999.9637 
999.9805 
999.9431 
999.9718 
999.9648 
999.9905 
999.9650 
999.9663 
999.9754 
999.9495 
999.9797 
999.9812 
