2991.9456 
2852.7844 
2996.3311 
2878.1676 
2995.6486 
2992.7614 
1768.6270 
2997.3362 
2994.5831 
2984.4214 
2987.1962 
2981.1405 
2968.4943 
2997.3007 
2989.7126 
2990.2653 
2994.7965 
2991.3385 
2993.1343 
2991.2043 
2981.9723 
1820.6340 
2997.1720 
2989.7146 
2990.0746 
2991.7081 
2993.7007 
2989.1524 
2990.2762 
2992.0679 
2971.6645 
2997.2523 
2978.3723 
2990.1669 
2994.7461 
2984.6034 
2988.8747 
2994.8468 
2986.6208 
2997.4978 
2997.3813 
2997.0934 
2990.4011 
2991.6287 
2990.8593 
2990.0273 
2997.3504 
2979.1999 
2986.4741 
2991.9733 
