8229.8066 
6655.6877 
8361.7733 
8319.4115 
8242.9187 
8291.7809 
8275.0624 
8263.7240 
8336.3833 
8417.4420 
1184.7105 
8318.7658 
8241.3909 
8344.2280 
8215.4289 
8225.4987 
8306.0570 
8226.7094 
8258.9366 
8151.3073 
8322.0954 
8348.3551 
8315.4121 
8357.1986 
8333.5624 
8266.0109 
4421.6910 
8256.3682 
8268.3080 
3111.5912 
8318.3882 
8208.3819 
8256.9199 
8263.9617 
8306.4100 
8285.4981 
8314.7872 
8245.7660 
8184.6687 
8293.2067 
8264.5687 
8357.2404 
8285.6884 
8292.4625 
8331.2012 
8293.4043 
8278.6667 
8248.5254 
8194.6428 
8310.5024 
