3470.1763 
6881.3217 
6919.1519 
6841.2272 
6930.7211 
6930.0487 
6899.7844 
6906.1945 
6912.6895 
6871.4106 
6946.7351 
6930.4510 
6867.6517 
6879.8357 
6897.3017 
6888.0997 
6947.6870 
6920.0763 
6961.4823 
6971.4999 
6922.1217 
6950.3748 
6938.2252 
5418.0675 
6927.8746 
6936.8306 
4325.6309 
6947.9401 
6926.4853 
6905.8884 
6841.4571 
6937.2137 
6954.9400 
6946.8370 
6941.1386 
6883.1217 
6943.9860 
6928.2763 
6912.4059 
6906.3365 
6909.8151 
6664.8980 
6907.5409 
6915.9370 
6946.0668 
6875.9871 
6905.2039 
6946.3788 
6887.4872 
6934.2073 
