8396.7303 
7004.3322 
8363.4266 
8468.8307 
8399.4781 
8437.2505 
4986.6835 
8428.6608 
8336.6675 
4451.6218 
4901.6932 
8378.1636 
8368.5671 
8418.9161 
8412.1897 
8397.9159 
8320.9930 
8241.9559 
8355.7652 
8359.8651 
8387.9840 
8252.1548 
8428.0831 
8293.0384 
8412.9886 
8321.0121 
8409.3780 
8280.3822 
8411.9423 
8287.8605 
8327.3994 
8357.9724 
8413.1495 
8357.5547 
8458.3761 
8288.8854 
8328.3294 
8294.5144 
8424.3675 
8390.8780 
8318.7349 
4413.5244 
8378.2767 
8374.3146 
8292.2227 
8388.2325 
8431.7031 
8421.9771 
8274.1403 
8441.0895 
