10643.05 
10638.69 
10869.14 
11081.48 
11103.10 
10942.77 
11118.58 
11048.59 
11086.31 
11083.66 
10965.36 
11061.47 
10890.36 
11074.95 
11057.82 
11078.64 
11096.78 
10968.56 
10981.15 
10943.84 
11113.88 
11063.05 
11111.32 
10976.55 
11096.84 
11058.93 
10915.88 
11066.68 
11137.74 
11113.48 
11056.61 
11060.12 
11103.33 
11024.97 
11050.70 
11103.90 
11073.61 
11090.59 
10936.26 
11013.29 
10943.28 
11052.68 
10956.38 
11011.15 
11083.94 
11110.90 
10977.47 
11084.53 
10545.21 
10685.92 
