8283.2962 
8174.5211 
8287.5549 
8444.1167 
8377.1991 
8383.8658 
8173.8148 
8259.1675 
8392.8034 
8311.2545 
8265.9613 
8387.4561 
8367.0479 
8324.3053 
8336.0516 
8368.8719 
8286.8196 
8251.8324 
8409.9569 
8326.3391 
8266.4773 
8286.7594 
8302.3978 
8305.1136 
8388.8605 
8317.8241 
8351.1723 
8254.3713 
8340.1578 
8404.3513 
8348.2745 
8366.5518 
8375.3526 
8324.7209 
8320.7236 
8300.5914 
8434.0383 
6759.7502 
8289.0402 
8392.4891 
8300.8976 
8344.4417 
8283.7339 
8280.6379 
8422.0088 
8264.4942 
8315.3836 
8301.2374 
8473.3974 
8346.7286 
