2995.0807 
2989.2584 
2995.6027 
2992.7590 
2997.3969 
2987.0830 
2997.0194 
2997.0605 
2994.6040 
2993.1751 
2989.1925 
2990.3033 
2986.5881 
2995.4952 
2995.4050 
2997.0887 
2992.2216 
2711.4284 
2986.2676 
2997.2668 
2987.9636 
2985.2783 
2996.2597 
2994.5912 
2997.0222 
2991.6198 
2983.4448 
2992.2425 
2995.0991 
2996.4091 
2987.3648 
2986.1529 
2978.2937 
2969.5914 
2085.1699 
2982.1961 
2995.2878 
2993.3610 
2996.9853 
2994.4572 
2992.3038 
2993.4958 
2996.3473 
2994.7205 
2996.0552 
2992.7806 
2993.6308 
2984.4043 
2988.1996 
2985.5535 
