9409.1292 
9406.6930 
9406.6568 
9406.4587 
9406.6437 
9406.4136 
9406.8098 
9406.3202 
9405.9827 
9406.5978 
9406.3564 
9401.0994 
9406.4622 
9406.1077 
9406.4605 
9406.5565 
9406.6366 
9406.4497 
9406.4117 
9406.6079 
9406.6836 
9406.4102 
9406.0173 
9406.7675 
9406.1790 
9406.9494 
9405.8840 
9406.7024 
9406.0720 
9406.3625 
9406.1933 
9406.7821 
9406.1301 
9406.4119 
9406.0972 
9406.5494 
9406.4432 
9406.7896 
9406.1322 
9406.2739 
9406.4244 
9406.2297 
9405.7066 
9406.1484 
9406.2580 
9406.7464 
9406.5301 
9406.5616 
9406.6145 
9406.1714 
