9407.8010 
9406.5626 
9406.5790 
9406.3390 
9406.0692 
9405.9404 
9406.0882 
9406.3052 
9406.6178 
9406.8319 
9407.0835 
9406.9603 
9406.7565 
9405.8847 
9405.8102 
9406.7356 
9406.3073 
9406.2441 
9406.2761 
9406.1719 
9406.3393 
9406.4702 
9406.4502 
9405.6233 
9406.3332 
9406.5957 
9406.5287 
9405.7178 
9406.5440 
9406.5438 
9406.5527 
9406.4154 
9406.3915 
9406.4058 
9406.3473 
9406.6371 
9406.2551 
9406.1941 
9406.8115 
9406.0577 
9406.9400 
9406.7865 
9406.4072 
9406.1907 
9406.5334 
9406.7520 
9406.4871 
9406.1729 
9405.8666 
9406.3470 
