9404.0474 
9406.5783 
9406.8000 
9406.3101 
9406.8042 
9405.2971 
9406.3386 
9406.5000 
9406.3952 
9405.9637 
9405.8128 
9405.7790 
9406.5981 
9406.7548 
9406.2269 
9407.0980 
9406.5031 
9406.7142 
9406.7261 
9406.4643 
9406.5579 
9406.1299 
9406.0107 
9406.1132 
9406.7168 
9406.5492 
9406.3421 
9406.7532 
9405.7651 
9406.8733 
9405.7341 
9406.7579 
9406.1809 
9406.2342 
9406.4267 
9406.7294 
9406.7911 
9407.0091 
9406.5377 
9406.4077 
9406.2643 
9406.0417 
9405.4675 
9406.6188 
9406.4810 
9406.3226 
9406.6106 
9406.1884 
9406.5294 
9406.6190 
