999.9373 
999.9395 
999.9428 
999.9078 
999.9393 
999.9554 
999.9578 
976.5034 
999.9004 
999.9424 
999.9410 
999.9341 
999.9095 
999.9378 
900.5902 
999.9217 
999.9411 
999.9600 
999.9292 
999.9370 
999.9404 
999.8866 
999.9173 
999.9422 
999.9504 
999.8748 
999.9262 
999.9371 
999.9332 
799.2263 
999.9022 
999.9386 
999.9593 
999.9534 
999.9588 
999.9546 
999.9488 
999.9502 
999.9762 
999.9195 
999.9579 
999.9732 
999.9369 
999.9742 
973.9833 
987.5373 
999.9675 
999.9508 
999.9703 
999.9771 
