2990.2803 
2975.7271 
2991.1406 
2989.9746 
2989.2727 
2994.2052 
2994.8210 
2978.5069 
2974.3158 
2994.2296 
2985.1421 
2986.7019 
2988.4113 
2945.5058 
2988.3879 
2991.7333 
2995.7593 
2990.9122 
2979.8305 
2990.4610 
2990.0961 
2995.5135 
2996.1462 
2992.5277 
2994.0993 
2997.3569 
2980.0567 
2995.5735 
2997.3224 
2993.3726 
2984.6937 
2981.3445 
2997.3627 
2987.2563 
2971.7470 
2989.1318 
2991.9748 
2996.5502 
2995.5092 
2472.0474 
2989.2106 
2991.8111 
2989.8487 
2984.1459 
2994.9015 
2997.0759 
2034.5440 
2995.6431 
2986.9898 
2990.7771 
