8277.8877 
8142.0710 
8347.7435 
8240.6691 
8297.9777 
8344.7967 
8363.1247 
8306.8748 
8161.0412 
8240.0166 
8318.2437 
8272.5142 
8306.5831 
8263.8249 
8344.8322 
8237.4992 
8269.8103 
8343.9686 
8309.5664 
8158.2998 
8232.5077 
8147.8649 
8321.8131 
8335.7342 
8177.3597 
8270.2867 
8289.0583 
8268.6180 
8310.8375 
8358.2954 
8339.4210 
8251.6228 
8306.8626 
8179.6600 
8180.7193 
8300.2394 
8321.6914 
8156.1493 
8245.0008 
8314.9077 
8207.1712 
8295.6010 
8326.5440 
8261.8227 
8289.5982 
8254.4865 
8220.7924 
8226.5220 
8274.0078 
8254.4212 
