6904.6368 
4148.3218 
6928.1646 
6929.9765 
6943.1206 
6917.5582 
6934.1692 
6895.1806 
6938.1859 
6904.7651 
6918.3667 
6945.0882 
3812.7523 
6954.4129 
6920.6771 
6930.9522 
5447.0867 
6918.9125 
6898.7713 
6925.6476 
6906.5111 
6875.5157 
6910.7465 
6945.2704 
6961.2489 
6916.5142 
6880.5554 
6888.9177 
6938.0974 
6891.7921 
6941.8822 
6944.5154 
6963.3154 
6962.0686 
6963.9684 
6885.6161 
6925.3857 
6965.9141 
6856.2319 
6871.9248 
6934.5035 
6912.3131 
6903.5903 
6909.6874 
6939.8270 
6870.6765 
6919.6177 
6938.9610 
6937.4775 
6917.8513 
