4989.7611 
4990.0562 
4987.8503 
4993.1069 
4970.4228 
4991.7124 
4989.8513 
4986.2380 
4977.4318 
4986.3108 
3324.6079 
4968.5654 
4993.6013 
4989.3320 
4956.2979 
4977.2998 
4975.6213 
4991.5014 
4976.2818 
4979.8254 
4982.9421 
4993.2989 
4977.4712 
4989.8431 
4992.4188 
4991.3388 
4993.2980 
4985.4481 
4993.1592 
4972.5103 
4968.9937 
4984.8226 
4984.1188 
4992.0808 
4963.8928 
4978.1554 
2863.5286 
4977.4893 
4978.2552 
4981.7966 
4970.6441 
4988.0480 
4990.4173 
4989.6183 
4992.1526 
4970.5097 
4932.2176 
4968.5579 
4970.0370 
4977.0539 
