8407.3294 
8330.8588 
8341.7534 
8366.6149 
8336.0015 
8330.7508 
8428.3011 
8373.1342 
8369.6303 
8444.4831 
7973.7093 
8232.0715 
8362.0825 
8487.8289 
8435.9194 
8367.0260 
8232.4780 
8351.8434 
8327.2485 
8377.2119 
5655.6745 
8438.1810 
8377.7954 
8245.5515 
8362.8307 
8437.3979 
8374.0221 
8319.3714 
8347.7432 
8380.7179 
8341.2686 
8461.1474 
8391.4982 
8336.0114 
7440.4883 
8329.5276 
8458.9240 
8500.1653 
8407.1428 
8365.5222 
8281.2982 
8397.3049 
8428.9594 
8378.6400 
8321.6171 
8313.4393 
8419.3445 
8374.8615 
8314.3487 
8362.2357 
