2982.5872 
2990.8448 
2997.1650 
2985.2776 
2972.5732 
2994.7359 
2997.2948 
2996.1330 
2977.3441 
2991.8785 
2841.8260 
2984.4683 
2396.5848 
2989.0853 
2985.8435 
2970.3694 
2996.9104 
2990.7136 
2984.4202 
2993.5545 
2981.4412 
2997.0225 
2976.6504 
2981.4042 
2977.1862 
2995.5256 
2980.8014 
2991.7118 
2962.3137 
2995.4447 
2986.8788 
2994.5765 
2994.4290 
2985.3260 
2995.3141 
2993.0547 
2982.5314 
2983.6768 
2497.6188 
2988.7389 
2993.8606 
2996.3948 
2963.6216 
2993.7576 
2988.2038 
2995.9504 
2996.5115 
2989.1666 
2307.3820 
2990.1220 
