3455.1179 
5068.6051 
5903.3863 
5896.6180 
5905.4075 
5893.6635 
5879.3369 
5930.6199 
5899.9590 
5905.7213 
2750.8131 
5932.2789 
5217.4264 
2344.4207 
5893.6026 
3697.2685 
5243.7900 
3128.1036 
5916.1693 
5887.5549 
1269.7312 
5927.9469 
3843.3448 
5925.2141 
5916.9946 
5868.7268 
5894.5102 
5941.4966 
5938.2929 
5891.4238 
5932.8059 
3233.0086 
5933.4068 
5903.0543 
1679.7710 
5927.5497 
3783.7031 
5927.6825 
4281.6634 
5863.8718 
5918.4117 
5918.3632 
5888.5236 
5880.9984 
5719.8565 
5944.0981 
4798.5494 
5902.7487 
5042.7123 
5097.7077 
