4988.4873 
4992.4944 
2956.5697 
4976.1921 
4993.1805 
4993.3881 
4977.9089 
4974.9008 
4993.8479 
4989.1073 
4987.8600 
4994.1165 
2713.2812 
4965.7128 
4987.5983 
4979.7541 
4993.5469 
2916.3673 
4991.6628 
4989.8819 
4972.3055 
4986.4219 
4989.7071 
4976.9904 
4993.6252 
4980.9336 
4993.6934 
4992.6015 
4986.8390 
4988.4737 
4979.6853 
4988.7588 
4976.1921 
4955.8684 
3315.3405 
4992.1727 
4986.4473 
4994.0365 
4986.1550 
4988.7029 
4993.5210 
4989.8860 
4991.9387 
4981.0790 
4981.6844 
4990.5415 
4991.2077 
4969.2393 
4972.5555 
4987.0159 
