4984.4166 
4988.3832 
4988.3936 
4988.5229 
4988.1301 
4992.2520 
4982.9580 
4976.1602 
4975.1414 
4979.9020 
4970.7259 
4986.5415 
4979.5269 
4983.2056 
4975.5546 
4981.8736 
4993.3569 
4988.2218 
4981.3987 
4975.6817 
4993.5726 
4993.7617 
2917.0039 
4993.2887 
4974.5115 
4983.1623 
4990.2702 
4990.0239 
4985.9234 
4988.0875 
4962.9624 
4993.6638 
4962.3368 
4986.7465 
4986.4474 
4993.4229 
4979.2767 
4963.9521 
4969.5370 
4993.8824 
4991.7917 
4988.5586 
4972.1378 
4974.7642 
4988.5092 
4975.6530 
4980.8951 
4035.6975 
4993.5451 
4960.2605 
