499.8289 
499.8438 
500.0118 
499.8167 
499.9117 
499.8309 
499.8266 
500.0210 
499.8732 
499.9019 
499.9026 
499.8176 
499.8454 
499.8557 
500.0110 
499.9058 
499.8376 
499.9282 
499.9133 
499.9486 
499.8226 
499.8463 
500.0170 
499.9047 
499.9208 
499.9317 
499.8501 
500.0111 
499.6918 
499.8288 
499.8528 
499.9049 
499.9119 
499.8890 
499.6917 
499.9142 
500.0183 
499.8270 
499.8588 
499.8311 
500.0318 
499.8589 
499.9964 
500.0351 
500.0175 
499.8878 
499.8288 
500.0126 
499.9076 
499.8404 
