8449.9041 
8415.5960 
8457.5667 
8420.7170 
8489.6678 
8451.1480 
8427.4159 
8462.9038 
8429.9510 
8450.7292 
8499.9931 
8487.8989 
8479.1038 
8490.5837 
8499.6324 
8433.8838 
8404.1129 
8478.3061 
8482.6116 
8488.7693 
8411.4450 
8487.2534 
8457.1051 
8449.1965 
8492.8699 
8462.3821 
8458.3918 
8435.2645 
8436.0062 
8411.0523 
8398.4661 
8468.4271 
8480.2321 
8416.8775 
8446.7230 
8488.8063 
8403.8542 
8436.6713 
8412.0919 
8441.8772 
7412.9897 
8415.8960 
8458.2320 
8426.5139 
8505.3325 
8444.0883 
8468.3573 
8455.1244 
8475.4037 
8454.6899 
