8428.0442 
8421.4736 
8432.2732 
8475.8551 
8486.3625 
8421.1110 
8462.0499 
8465.2927 
8443.6178 
8440.2003 
8479.6939 
8415.8640 
8463.9595 
8399.2510 
8435.8394 
8459.3801 
8426.0499 
8445.9588 
8457.2953 
8482.6163 
8420.3491 
8481.8489 
8482.8158 
8437.7890 
8439.9016 
8454.4581 
8448.3902 
8446.9301 
8440.4206 
8480.6442 
8478.1831 
8451.2239 
8494.6299 
8475.4180 
8472.3541 
8425.6523 
8477.5732 
8377.2933 
8451.4301 
8459.1205 
8409.8532 
8418.3439 
8444.3162 
8466.4188 
8489.4283 
8457.8187 
8462.4674 
8462.5849 
8409.4446 
8421.4055 
