999.8517 
999.7882 
897.8087 
999.8292 
999.7755 
837.7825 
933.0711 
999.8450 
999.7892 
999.8152 
999.8142 
999.8375 
999.7581 
999.8659 
999.8048 
999.8569 
999.7776 
999.7988 
999.8742 
801.3068 
999.8669 
999.8504 
999.8602 
999.8797 
999.8434 
999.8338 
999.7707 
999.8224 
999.8108 
948.6744 
999.8432 
999.8524 
999.7545 
875.9201 
999.8850 
851.2623 
999.7729 
956.4192 
999.8644 
999.8375 
999.8627 
999.7620 
966.7124 
998.3209 
999.8927 
999.8880 
999.8887 
999.8616 
999.8360 
999.8170 
