500.0215 
500.0180 
500.0212 
500.0201 
500.0162 
500.0210 
500.0171 
500.0198 
500.0193 
499.8265 
500.0147 
500.0185 
499.7930 
500.0185 
499.7588 
500.0198 
500.0196 
499.8028 
500.0161 
500.0194 
500.0166 
500.0162 
499.7621 
500.0157 
499.7365 
500.0172 
500.0243 
499.9676 
500.0225 
500.0254 
500.0113 
499.7429 
500.0223 
500.0226 
500.0243 
500.0225 
500.0239 
499.8093 
500.0236 
500.0202 
499.7193 
499.8306 
500.0215 
500.0218 
500.0239 
500.0208 
500.0244 
500.0189 
499.7246 
500.0241 
