2996.6887 
2996.6176 
2996.8100 
2996.9935 
2996.9357 
2997.1090 
2996.9132 
2997.2911 
2997.3003 
2996.8746 
2996.4723 
2996.4449 
2996.2350 
2996.4353 
2997.0958 
2996.8772 
2996.2201 
2997.2681 
2997.1576 
2997.0871 
2997.1843 
2997.1296 
2995.4528 
2995.8909 
2997.2163 
2996.1856 
2997.2319 
2996.7512 
2997.1628 
2995.5561 
2996.7604 
2997.2393 
2997.2471 
2995.1420 
2994.8586 
2996.4623 
2997.2729 
2995.5887 
2997.2881 
2996.0434 
2995.4235 
2996.5921 
2996.9113 
2996.9770 
2996.9685 
2997.1516 
2994.3911 
2997.1307 
2997.0408 
2997.1033 
