2855.1273 
2858.6095 
2992.6047 
2995.5373 
2993.7284 
2993.9724 
2996.9419 
2995.4818 
2995.7375 
2988.6320 
2996.7517 
1807.8507 
2997.1761 
2997.2928 
2581.3489 
2994.3268 
2995.2116 
2994.9115 
2997.0062 
2995.3593 
2997.0023 
2995.9489 
2996.2323 
2994.4886 
2996.3971 
2996.4571 
2978.9425 
2996.8618 
2997.0406 
2994.8144 
2997.1119 
1755.8523 
2997.0992 
2992.4433 
2996.7256 
2996.3923 
2996.6110 
2996.9588 
2997.1167 
2994.1329 
2992.4020 
2996.5818 
2997.4630 
2996.6955 
2994.0687 
2995.6050 
2997.0677 
2997.1730 
2996.9626 
502.1377 
