1998.3155 
1993.2491 
1996.2872 
1993.3136 
1998.1274 
1998.4000 
1998.2974 
1998.1350 
1998.1969 
1994.0987 
1997.6331 
1997.9795 
1997.5763 
1995.4749 
1995.4238 
1995.5834 
1998.2783 
1997.4927 
1998.4626 
1997.8096 
1997.2441 
1997.9885 
1995.8033 
1518.6828 
1996.6083 
1998.3335 
1998.4866 
1996.3248 
1998.1523 
1996.7396 
1997.6937 
1996.1216 
1998.3180 
1997.3048 
1997.5037 
1997.9912 
1998.2101 
1998.1732 
499.4103 
859.8786 
1996.6842 
1998.0330 
1997.6493 
1995.8402 
1998.3712 
1996.1021 
1998.2979 
1998.3975 
1997.9904 
1997.0024 
