100.0035 
100.0037 
100.0028 
100.0036 
100.0036 
100.0037 
100.0037 
100.0019 
100.0041 
100.0044 
100.0037 
100.0039 
100.0037 
100.0042 
100.0042 
100.0044 
100.0036 
100.0036 
100.0035 
100.0038 
100.0037 
100.0037 
100.0044 
100.0037 
100.0036 
100.0035 
100.0043 
100.0044 
100.0038 
100.0037 
100.0036 
100.0036 
100.0044 
100.0036 
100.0041 
100.0042 
100.0042 
100.0044 
100.0044 
100.0043 
100.0037 
100.0037 
100.0044 
100.0039 
100.0036 
100.0036 
100.0034 
100.0036 
100.0037 
100.0044 
