809.8343 
999.8615 
999.8242 
999.8412 
999.8792 
999.8346 
999.7765 
999.8244 
999.8262 
999.8234 
999.7909 
999.7868 
999.8073 
999.7773 
999.8380 
999.8456 
999.8318 
999.8496 
999.8382 
999.8771 
999.8899 
999.8497 
999.8683 
999.8434 
999.8423 
999.8638 
999.8284 
999.8388 
999.8322 
999.8443 
999.8600 
999.8814 
999.7890 
999.8485 
999.8038 
999.8897 
999.8532 
999.8410 
999.7924 
999.8558 
999.8763 
999.8841 
999.7325 
999.7216 
999.8079 
999.8687 
999.7837 
999.8254 
999.8479 
964.3514 
