8436.2819 
8395.9734 
8286.5294 
8324.7411 
8376.2014 
8254.7671 
8409.6584 
8382.7060 
8299.5274 
8232.9015 
8272.5177 
8312.8234 
8378.6868 
8381.1780 
8382.1379 
8426.2165 
8407.5953 
8377.1966 
8433.8478 
8405.2960 
8375.8333 
8303.0616 
8316.7115 
8351.6598 
8404.1164 
8282.8494 
8428.7408 
8255.9846 
8312.8245 
8358.9746 
8351.1966 
8339.1847 
8344.5023 
8331.1927 
8358.6751 
8370.7969 
8318.6381 
8343.3053 
8412.7166 
8345.1415 
8412.8420 
8395.4291 
8420.6484 
8373.3795 
8431.9090 
8459.6896 
8383.4109 
8425.9134 
8417.8323 
8377.3906 
