8357.8985 
1248.9483 
8333.8490 
8251.7920 
8238.7089 
8390.3099 
8353.7630 
8399.2476 
8423.6360 
8404.8144 
8343.4209 
8382.5092 
8389.0573 
5924.1373 
8311.9398 
8198.8562 
8263.6050 
8254.6122 
8196.6918 
8314.4442 
8368.6107 
8384.5886 
8332.5634 
8342.0610 
8469.2098 
8348.4898 
8422.0667 
6992.5805 
8377.1814 
8376.3953 
8355.0865 
8363.9146 
8344.7745 
8350.7606 
8350.2515 
8206.5676 
8393.1145 
8364.8016 
8278.8426 
8278.2944 
8300.0618 
8375.4992 
8424.1853 
8417.7637 
8247.6146 
8419.4987 
8426.4147 
8316.9762 
8353.4643 
8310.7960 
