500.0153 
500.0175 
500.0144 
499.8464 
499.8079 
500.0118 
500.0178 
500.0196 
500.0149 
500.0202 
499.7662 
500.0171 
500.0183 
500.0159 
500.0203 
500.0145 
500.0182 
500.0175 
500.0163 
500.0188 
500.0125 
500.0204 
500.0183 
500.0183 
500.0196 
500.0169 
500.0209 
500.0189 
500.0182 
500.0183 
500.0211 
500.0201 
500.0173 
500.0180 
500.0134 
500.0202 
500.0200 
500.0196 
500.0202 
500.0157 
500.0133 
500.0148 
500.0206 
500.0179 
500.0155 
500.0186 
500.0171 
500.0205 
500.0178 
500.0198 
