1255.2494 
8239.6506 
8201.3686 
8213.3713 
8296.8328 
8234.4607 
8359.0291 
8207.5432 
8303.6201 
2972.0667 
6607.3161 
8338.3935 
8218.5027 
8224.8645 
8269.9848 
8257.7325 
8243.3396 
5372.7521 
8293.0339 
8349.0384 
8205.4647 
8249.8538 
8155.9638 
5537.6040 
5650.0499 
8216.2525 
8174.0475 
8312.1810 
5471.8577 
8301.7765 
8324.5437 
8283.6142 
8305.8191 
8301.2711 
8313.1178 
8285.0116 
8251.5254 
8271.9163 
8311.0942 
8161.7934 
8294.2534 
8254.4271 
8325.9025 
8159.7428 
8253.0459 
8220.5149 
7317.1916 
8330.7872 
8240.7032 
8303.0539 
