1997.9227 
1997.1483 
1997.9973 
1893.3745 
1998.4512 
1997.8710 
1998.1250 
1998.4155 
1996.3203 
1998.3133 
1997.1036 
1997.9457 
1620.3885 
1998.0153 
1998.3320 
1998.2910 
1998.2272 
1862.6573 
1997.9868 
1998.4124 
1998.1945 
1998.4504 
1996.6191 
1996.8151 
1998.0159 
1996.5929 
1997.8237 
1996.5857 
1996.5187 
1997.6859 
1998.1585 
1998.3202 
1998.1711 
1996.5492 
1996.4662 
1998.3977 
1997.0229 
1997.0428 
1997.1652 
1997.2637 
1998.5189 
1998.2777 
1998.5259 
1995.6335 
1998.1384 
1997.9947 
1997.3530 
1998.4049 
1996.7022 
1997.9880 
