8291.4004 
8297.5131 
8322.7797 
8234.1226 
8246.7358 
8306.8467 
8190.8515 
8276.2757 
8301.6219 
8275.3824 
8297.3219 
8237.0902 
8250.3016 
8367.2738 
8331.8593 
8313.3628 
8387.2425 
8273.8012 
8206.4066 
8234.4292 
8264.7503 
8302.9358 
8345.9139 
8258.5327 
8205.4269 
8335.0430 
8256.8868 
8285.3378 
8244.3872 
8272.6382 
8328.5570 
8300.4825 
8315.9815 
8295.1239 
8294.1920 
8234.4760 
8364.6047 
8254.2357 
8258.5397 
8303.8031 
8289.7885 
8342.6292 
8379.5680 
8254.4186 
8112.2866 
8257.6115 
8137.3420 
8366.6860 
8273.1098 
8333.5005 
