9409.2013 
9406.2798 
9406.8213 
9406.1409 
9406.1512 
9406.6451 
9406.3445 
9406.7857 
9406.6801 
9406.3430 
9406.4813 
9405.4198 
9406.6070 
9406.4242 
9406.2789 
9406.3174 
9405.9555 
9406.7521 
9406.3564 
9405.9136 
9406.6923 
9406.4183 
9406.3534 
9406.3564 
9406.2112 
9406.5327 
9406.8005 
9405.9707 
9406.2523 
9406.5734 
9406.2173 
9406.7424 
9407.1370 
9406.0337 
9406.7746 
9406.6072 
9406.0831 
9406.4833 
9406.3061 
9406.1056 
9406.5391 
9405.2139 
9406.3405 
9406.0610 
9405.8918 
9406.8590 
9406.3560 
9405.8951 
9406.4768 
9405.6574 
