9405.8227 
9406.2105 
9405.8796 
9406.1988 
9406.8512 
9406.1407 
9406.4199 
9406.2145 
9406.3005 
9405.8849 
9406.5464 
9406.5193 
9406.3776 
9406.3311 
9406.4390 
9406.6991 
9406.2192 
9405.9188 
9406.0408 
9406.1376 
9406.1889 
9406.2119 
9405.9376 
9406.4556 
9406.4634 
9406.0243 
9406.6900 
9405.9606 
9406.2145 
9406.1813 
9405.8650 
9406.2147 
9406.2636 
9406.5090 
9406.8197 
9406.5516 
9406.8754 
9406.7779 
9406.4970 
9406.5717 
9405.9465 
9406.6406 
9406.4542 
9406.7638 
9406.7118 
9406.5358 
9406.6223 
9405.8608 
9406.9974 
9406.2965 
