999.9526 
999.8920 
999.9644 
559.1750 
999.9452 
999.9462 
999.9509 
999.9418 
999.9494 
999.9491 
999.9233 
999.9475 
999.9732 
999.9611 
999.9522 
999.9424 
999.9510 
999.9516 
999.9169 
999.9357 
999.9576 
999.9538 
999.9427 
999.9652 
999.9718 
999.9274 
999.9606 
999.9305 
999.9567 
999.9434 
999.9473 
999.9284 
999.9496 
999.9323 
999.9374 
999.9506 
999.9410 
999.8897 
999.9345 
999.9539 
999.9304 
999.9362 
999.9354 
999.9549 
999.9553 
999.9442 
999.9370 
999.9037 
999.9686 
999.9648 
