3804.6258 
5887.2924 
5883.1332 
5141.3644 
5883.5721 
5857.1492 
3861.9595 
5877.0388 
5854.3979 
1722.7198 
917.0532 
3528.8155 
5876.5904 
5869.8238 
3420.0652 
3975.9040 
5817.3212 
3493.3936 
5072.7021 
5271.5476 
5866.7116 
5880.2763 
5857.5612 
5835.4831 
5105.6229 
1563.3573 
3315.5205 
5874.6837 
5862.6189 
5888.4006 
5847.2456 
5868.9833 
2417.0562 
5406.6195 
5865.7515 
4196.7441 
5838.3550 
5849.1756 
2549.1682 
4255.8689 
2526.8605 
5873.7486 
5808.5094 
5869.1385 
4600.7728 
5840.8490 
5842.9155 
5818.1507 
5867.3128 
5767.2225 
