5927.6748 
5951.4891 
5830.9666 
5926.4086 
5383.6604 
5916.1103 
5926.2197 
5915.4774 
5880.8697 
5923.2058 
5914.1864 
5903.7113 
5902.5774 
5060.1926 
5917.1404 
5427.0064 
5932.7833 
5929.6270 
3365.5413 
5943.5070 
5911.3991 
3474.9328 
2517.4495 
1168.9520 
5828.4898 
5908.4484 
5930.5041 
5934.0985 
5911.0219 
2630.3077 
5951.9857 
5921.1932 
3587.9134 
5909.3963 
4376.2460 
5864.8695 
5942.4583 
3557.4987 
5932.2476 
3507.8718 
4855.0033 
5885.1211 
5939.3120 
5916.9020 
5924.3418 
5777.2587 
5892.3392 
3555.4599 
5920.4544 
5913.5274 
