999.9152 
999.9739 
999.9515 
999.9483 
999.9735 
999.9547 
999.9748 
999.9719 
999.9805 
999.9749 
999.9663 
999.9691 
999.9606 
999.9381 
999.9731 
895.2855 
999.9741 
999.9821 
999.9848 
999.9797 
999.9510 
999.9788 
999.9664 
999.9726 
999.9598 
999.9708 
999.9711 
999.9713 
999.9959 
999.9742 
999.9892 
999.9509 
999.9425 
794.8283 
985.4742 
999.9751 
999.9780 
999.9884 
999.9659 
999.9617 
999.9799 
907.1510 
999.9537 
999.9452 
999.9588 
999.9412 
999.9562 
993.7285 
999.9590 
999.9205 
