8121.1099 
8272.4774 
8241.5595 
8207.0229 
8259.4268 
8110.8522 
5291.8541 
8252.1573 
8358.5709 
1183.3014 
8261.9696 
6639.8603 
8328.8328 
8252.6299 
8263.9854 
8232.7625 
8274.2303 
8348.0392 
8225.6619 
8311.1968 
5088.8488 
8107.2941 
8299.4886 
1212.9070 
8271.9632 
8309.5022 
8214.1419 
8326.5603 
8313.1177 
8292.2551 
8316.1032 
8263.8483 
8274.0463 
8271.4768 
8328.5077 
4917.3860 
1245.3182 
8339.2042 
8350.1780 
8391.5667 
8402.0232 
8201.6006 
8302.9918 
8351.6236 
8073.1708 
8269.3129 
1231.6674 
4655.1622 
8281.6149 
8253.6291 
