8453.8212 
8320.3248 
8399.2350 
8528.7303 
8427.7459 
8432.0514 
8361.2655 
8430.1671 
8407.2686 
8436.6102 
8459.3897 
8300.9602 
8332.0541 
4698.1313 
8378.1839 
8278.1057 
8367.8502 
8410.8768 
8452.5516 
8400.2924 
8447.0427 
8313.3753 
7641.9505 
8444.4294 
8287.7687 
8254.9874 
8351.6454 
8399.3007 
8308.1453 
8042.8330 
8417.3424 
8341.9177 
8440.9051 
8470.0504 
8375.2557 
6540.0290 
8354.0616 
8356.7880 
8380.3375 
8375.9934 
8289.5999 
8259.4223 
8433.9190 
8349.8220 
8399.5886 
8386.9994 
8508.1957 
8381.6914 
8398.3516 
8470.0678 
