999.9292 
999.9397 
999.8841 
571.3624 
999.8351 
999.8409 
773.2098 
999.8672 
999.8502 
999.9072 
999.9122 
999.9436 
999.9247 
999.9280 
999.9384 
999.8681 
999.9028 
999.9723 
999.9769 
999.9731 
999.9640 
999.2121 
999.9440 
999.9639 
999.9243 
999.9802 
999.9764 
999.9524 
999.9652 
771.0437 
999.9797 
760.5624 
999.9508 
999.9438 
999.9116 
999.9546 
999.8989 
999.9390 
999.9723 
999.9458 
999.9695 
999.9840 
999.9599 
999.9656 
999.9420 
999.9056 
999.9410 
999.9477 
897.2320 
999.9687 
