4986.0015 
4210.4794 
4954.5979 
4967.0424 
4984.8722 
4977.6480 
4987.9689 
4987.8352 
4983.1414 
4985.3141 
4988.8930 
4994.2763 
4962.4045 
4982.7978 
4956.8737 
4991.0283 
4968.6876 
4993.3644 
4972.4621 
4979.6433 
4990.1450 
4964.0320 
4981.4988 
4965.3222 
4986.7192 
4993.5890 
4983.2975 
4976.3071 
4972.6516 
4979.9952 
4993.3813 
4964.9409 
4981.3817 
4977.4528 
4986.0026 
4975.5597 
4986.4413 
4992.4624 
4991.9200 
4990.9401 
4980.8053 
4960.5289 
4972.2880 
4963.4419 
4993.5032 
4975.9213 
4992.0641 
4989.9769 
4981.5675 
4979.5316 
