8244.2544 
8329.8150 
4570.0018 
8315.4329 
4725.5925 
8303.7292 
8362.7170 
8302.7037 
8317.9597 
7345.7085 
8347.2997 
8303.4923 
8206.0833 
8313.5089 
8285.0430 
8312.3962 
8234.2151 
8363.7545 
8223.3127 
8284.1693 
8319.5754 
8298.5690 
8195.5726 
8318.0186 
8383.4264 
8299.1047 
8217.5047 
8163.3907 
8215.3542 
8275.5132 
8304.0120 
8327.1504 
8351.5417 
8217.5507 
8176.4226 
8278.0068 
8337.8371 
8405.2108 
8401.3050 
8385.7711 
8254.1306 
8379.2741 
8295.7930 
8299.0717 
8182.1474 
8265.9101 
8309.8831 
5893.8776 
4837.1051 
8337.4855 
