8419.1008 
8421.7977 
8487.3928 
8439.1588 
8440.6507 
8455.3063 
8468.8731 
8427.8082 
8453.0701 
8454.9469 
8474.1285 
8468.3039 
8407.4392 
7354.6990 
8477.3898 
8397.2758 
8398.7394 
8455.9875 
8439.5407 
8430.4205 
8515.6713 
8432.4080 
8393.3848 
6466.8009 
8469.5196 
8517.2177 
8489.7323 
8445.0576 
8428.9696 
8478.1509 
8498.8332 
8502.9649 
8457.4636 
8468.2709 
8494.6057 
8500.0130 
8437.3073 
8475.5320 
8511.9305 
8378.9402 
8497.7828 
8421.6682 
8476.1090 
8442.3265 
8440.2368 
8476.9350 
8423.8151 
8479.4356 
8517.3955 
8431.7778 
