977.0080 
999.7784 
999.5517 
999.9443 
999.6425 
999.6766 
999.9531 
999.5777 
999.5382 
999.9270 
999.6454 
999.5477 
999.5099 
999.7309 
999.4899 
999.4324 
999.6098 
999.6295 
999.5272 
999.4937 
911.5698 
999.5892 
999.9373 
999.9182 
999.4843 
999.6483 
999.5129 
999.9398 
999.6443 
869.0256 
999.6458 
999.8936 
999.5129 
999.5099 
999.8944 
999.5634 
999.5285 
999.3536 
999.9254 
999.8722 
999.5135 
999.5077 
999.5690 
999.5305 
999.4930 
999.9317 
999.9238 
999.5202 
999.5005 
999.4677 
