100.0017 
100.0015 
100.0024 
100.0023 
100.0017 
100.0024 
100.0022 
100.0017 
100.0016 
100.0025 
100.0020 
100.0020 
100.0024 
100.0026 
100.0022 
100.0022 
100.0022 
100.0026 
100.0020 
100.0020 
100.0027 
100.0027 
100.0027 
100.0029 
100.0028 
100.0022 
100.0023 
100.0026 
100.0028 
100.0028 
100.0029 
100.0027 
100.0028 
100.0027 
100.0022 
100.0020 
100.0023 
100.0025 
100.0029 
100.0022 
100.0022 
100.0029 
100.0022 
100.0030 
100.0023 
100.0024 
100.0029 
100.0026 
100.0022 
100.0031 
