500.0122 
500.0138 
500.0170 
500.0159 
500.0165 
500.0167 
499.9996 
500.0140 
500.0132 
500.0138 
499.7736 
500.0160 
500.0146 
500.0165 
500.0140 
500.0155 
500.0116 
500.0115 
500.0140 
500.0120 
500.0113 
500.0162 
500.0164 
499.7633 
500.0172 
500.0134 
500.0140 
500.0111 
500.0146 
500.0134 
500.0132 
500.0174 
500.0142 
500.0175 
500.0102 
500.0180 
500.0173 
500.0146 
500.0167 
500.0141 
500.0068 
500.0140 
500.0174 
500.0150 
500.0111 
500.0146 
500.0155 
500.0164 
500.0150 
500.0121 
