9409.0420 
9405.9496 
9406.2979 
9406.2180 
9405.3446 
9405.7839 
9405.6003 
9406.4218 
9406.4070 
9406.7196 
9406.5287 
9405.7846 
9406.5461 
9405.9691 
9405.9842 
9406.0859 
9406.0920 
9406.9713 
9406.8780 
9406.5614 
9406.7988 
9405.2367 
9406.5919 
9406.6013 
9405.0548 
9405.6095 
9406.4507 
9406.0629 
9405.9724 
9405.7599 
9406.0431 
9404.9490 
9406.1746 
9406.2864 
9406.0185 
9405.9976 
9406.5776 
9405.4664 
9406.3567 
9406.0927 
9406.1470 
9406.3529 
9406.7581 
9406.4815 
9406.7732 
9406.1581 
9406.5111 
9406.3828 
9405.9983 
9406.4497 
