9405.9050 
9404.9229 
9405.7446 
9405.7644 
9406.0450 
9406.5748 
9406.2864 
9405.7886 
9406.6857 
9406.1992 
9406.3052 
9406.4349 
9406.7455 
9406.3898 
9406.7993 
9406.7474 
9406.8813 
9406.8766 
9406.1146 
9405.9475 
9408.9071 
9406.7053 
9406.2537 
9404.8515 
9405.6473 
9405.5392 
9405.9879 
9406.0462 
9406.3597 
9406.3142 
9406.3793 
9406.5306 
9406.3511 
9406.6404 
9406.3613 
9406.1701 
9406.4345 
9406.0396 
9410.2417 
9406.5697 
9406.4373 
9406.4077 
9406.0427 
9406.8815 
9405.8213 
9406.1301 
9406.4993 
9406.3992 
9405.7345 
9406.0525 
