8246.5775 
2164.4290 
8278.9842 
8219.4629 
8208.1997 
8181.6561 
8214.7425 
5514.0820 
3678.9690 
8114.6695 
8206.0489 
8294.3288 
8323.1543 
8191.6247 
8268.5103 
8264.0424 
8273.6216 
8218.1173 
8173.3969 
8223.4577 
8283.9118 
8193.6991 
8241.5161 
8246.9864 
1217.7182 
8127.1055 
1226.8616 
8254.8451 
8226.0602 
8221.1173 
8240.6005 
8196.9361 
8272.3446 
8166.7483 
8285.3465 
8157.7625 
4781.0944 
8099.7402 
8209.7668 
7581.9881 
8150.2881 
4588.1687 
8146.8646 
8252.5897 
1223.8101 
8297.9605 
8170.4980 
8294.5873 
4839.7943 
8253.7641 
