4983.7541 
4963.2918 
4984.8075 
4967.5991 
4988.2448 
4970.9238 
4964.5090 
4989.0268 
4972.5950 
3426.4936 
4993.5024 
4977.8965 
3845.3306 
4940.8841 
4986.8819 
4956.7043 
4980.0172 
4993.6847 
4972.5512 
4988.7241 
4989.2584 
4974.4995 
4972.8780 
4975.7877 
4993.6903 
4977.7378 
4969.0518 
4969.2981 
4981.7557 
4991.3977 
4983.7831 
4978.1175 
4981.2655 
4988.3175 
1747.2367 
4989.5933 
4967.1140 
4953.4743 
4965.7891 
4981.3541 
4974.6631 
4967.5966 
4983.1996 
4992.8576 
4975.7036 
4967.6166 
4955.5203 
4954.4255 
4979.8211 
4982.7394 
