1921.8996 
1998.4244 
1995.7858 
1998.0137 
1998.8868 
1995.1491 
1995.5479 
1998.4138 
1997.4367 
1274.9724 
1382.0208 
1997.9515 
1998.8925 
1333.4830 
1157.2691 
1998.1204 
1995.4907 
1999.0438 
1997.8498 
1995.6161 
1998.7403 
1997.4280 
1997.5788 
1997.0042 
1996.7473 
1999.1204 
1998.1972 
1998.8330 
1243.0182 
1998.9432 
1996.4483 
1233.6995 
1996.1355 
1997.5171 
1997.8250 
1995.3014 
1998.1732 
1999.0520 
1998.8158 
1223.8084 
1998.8201 
1234.6256 
1233.5488 
1998.9972 
1999.2283 
1998.9239 
1999.1508 
1999.2390 
1998.1676 
1999.1379 
