4980.7485 
4979.0062 
4967.5026 
4988.4685 
4991.4803 
4985.1845 
4980.0618 
4987.9247 
4968.9366 
4962.6673 
4963.6001 
4972.7287 
4990.2719 
4992.5213 
4988.3598 
4944.5987 
4966.9574 
4960.4975 
4988.2325 
4986.9815 
4976.1799 
2418.8440 
4993.9307 
4974.1272 
4988.2435 
4991.5643 
4985.3526 
4989.5136 
4993.4970 
4960.4753 
4986.8759 
4970.5688 
4963.2967 
4161.1446 
4993.9602 
4993.9444 
4977.5659 
4953.9477 
4987.9275 
4989.0676 
4985.6135 
4983.0564 
4971.0815 
4985.0658 
4982.8013 
4990.1037 
4990.1365 
4984.8776 
4993.8614 
4993.6596 
