6342.0765 
8351.0273 
8352.3426 
8400.1277 
6132.9824 
8182.0701 
6661.4341 
8278.8717 
8231.8277 
8375.2442 
8020.4886 
8239.4911 
8296.8661 
8354.9423 
1169.5249 
8365.8993 
8201.4441 
8278.3088 
8172.2631 
8297.1028 
8334.1817 
8305.7509 
8373.8302 
8263.7089 
8371.5771 
8296.7944 
8289.2082 
8323.8598 
4770.0171 
8118.2390 
8337.7592 
8251.3845 
8297.1890 
8325.8598 
8252.9505 
8254.7944 
8257.2473 
8423.7151 
8302.3899 
8298.8190 
8203.6725 
1179.9063 
8288.4031 
8267.1441 
8310.5119 
8246.0928 
8321.9765 
8285.7159 
8239.6692 
8183.9131 
