8354.7338 
8368.1763 
8311.6152 
8326.2776 
8228.5214 
8205.0101 
8221.4710 
8248.4851 
8320.6954 
8306.1123 
8387.9828 
8297.4786 
8392.6995 
8345.4723 
8268.5107 
8294.1845 
7883.6980 
7982.7733 
8309.3465 
8378.0258 
8304.4449 
8280.8643 
8271.6406 
8306.3718 
8298.5050 
8151.6649 
8256.4577 
8100.7436 
8361.8856 
8246.1885 
8386.0927 
8246.2603 
8323.6929 
8397.4348 
8286.4781 
8343.1693 
8285.7178 
8378.3863 
8233.2691 
8288.1732 
4784.3006 
8325.4436 
8336.6930 
8304.2194 
8282.7973 
8323.5455 
6090.8449 
6413.1679 
8311.4245 
8274.5491 
