8232.7948 
8346.4429 
8379.3316 
8388.1900 
8304.2559 
6518.6758 
8328.1869 
8251.4578 
8365.4751 
8437.6859 
8393.5171 
8330.2710 
8312.8301 
8330.9503 
8340.3311 
8365.2864 
6168.3185 
8368.9004 
8384.3736 
8383.2549 
8377.9277 
8355.2735 
8435.8353 
8231.1388 
8320.8516 
8447.5496 
8265.1554 
8367.9832 
8258.9048 
8003.8018 
8296.7117 
8268.8046 
8318.3330 
8324.1996 
8378.2178 
8317.5659 
8360.9327 
8387.7298 
8272.3712 
6777.7033 
8285.9735 
8287.6958 
8347.8652 
8271.2103 
8361.8217 
8344.3469 
8351.8543 
8393.7505 
8401.0538 
8358.7806 
