500.0186 
500.0107 
499.7726 
500.0219 
499.7168 
500.0168 
499.9290 
499.7210 
500.0214 
500.0219 
500.0220 
500.0194 
500.0209 
499.8056 
499.7448 
499.8242 
499.8144 
500.0198 
500.0188 
500.0175 
500.0200 
500.0217 
500.0211 
500.0212 
500.0207 
500.0198 
500.0168 
500.0214 
500.0198 
500.0130 
500.0212 
500.0158 
500.0221 
500.0199 
500.0214 
500.0187 
500.0187 
500.0192 
500.0188 
500.0196 
500.0162 
500.0211 
500.0157 
500.0185 
500.0214 
500.0193 
500.0204 
500.0186 
500.0196 
500.0212 
