999.8295 
999.8380 
999.8099 
999.8693 
999.8332 
999.7862 
999.8055 
999.8257 
999.8389 
999.8129 
999.8736 
999.8416 
999.8530 
999.8402 
1000.1117 
979.8092 
999.9245 
999.7942 
1000.1341 
874.7572 
999.7731 
999.7654 
999.8448 
1000.0504 
999.8322 
999.0813 
999.8216 
1000.1226 
1000.0778 
564.4224 
1000.1033 
1000.0994 
1000.1085 
1000.0488 
1000.1042 
1000.1150 
940.7928 
999.8529 
1000.1537 
999.8502 
1000.0847 
999.8418 
999.8523 
1000.0707 
999.9779 
1000.1088 
1000.0850 
1000.1250 
999.8261 
999.8517 
