1998.1659 
1998.4124 
1997.1224 
1998.5546 
1589.5283 
1999.1699 
1996.1258 
1998.9259 
1242.4186 
1993.7016 
1998.4538 
1995.7155 
1995.2890 
1999.0628 
1993.9879 
1998.0873 
1999.0983 
1999.3167 
1997.3691 
1998.9252 
1998.8705 
1996.1439 
1996.3554 
1996.5064 
1997.8146 
1998.2864 
1997.2638 
1164.4153 
1996.3060 
1998.2177 
1692.1684 
1995.6555 
1276.4088 
1995.4463 
1998.8838 
1998.4651 
1997.9524 
1197.2505 
1997.2386 
1996.2485 
1218.3385 
1996.5440 
1694.6518 
1998.0318 
1998.0996 
1998.9752 
1902.4006 
1388.4850 
1999.0938 
1997.5001 
