500.0136 
500.1213 
500.0188 
500.0203 
500.0126 
500.0686 
500.0105 
499.7869 
500.0132 
499.7503 
499.8412 
500.0140 
500.0118 
500.0118 
500.0109 
500.0135 
500.0132 
500.0867 
500.0541 
500.1001 
499.7581 
499.8167 
500.0858 
500.0796 
500.0121 
500.0725 
499.8144 
500.0140 
500.0590 
499.6998 
500.0799 
500.0929 
500.0818 
500.0832 
500.0969 
500.0885 
500.0530 
500.0813 
500.0835 
500.0758 
499.7375 
500.0134 
500.0545 
500.1015 
499.6629 
500.0825 
500.0811 
500.0950 
499.7688 
500.0166 
