999.9102 
910.2180 
999.9287 
986.3237 
999.9318 
999.9280 
999.9416 
999.9459 
999.9235 
999.9476 
999.9534 
999.9495 
999.9444 
999.9236 
999.9107 
999.9554 
993.2265 
999.9440 
999.9250 
999.8694 
999.8863 
999.8961 
999.9394 
999.9212 
999.9108 
780.4613 
999.9255 
999.9058 
999.9172 
999.9267 
856.6098 
999.9166 
999.9164 
999.9360 
999.9245 
999.9355 
563.0732 
999.9428 
665.6240 
999.9417 
999.9336 
999.9500 
999.9384 
561.7046 
999.9781 
999.9314 
739.5829 
999.6840 
999.9348 
999.9848 
