8286.2586 
8122.6545 
8250.1829 
5715.9092 
8230.4235 
8245.3302 
8106.5128 
8206.7782 
8254.9416 
7680.8773 
8178.5270 
8294.7331 
7773.6988 
8238.6895 
8321.4645 
8118.5685 
8226.6445 
8206.7407 
8157.1830 
7176.5155 
8201.3458 
8227.8642 
8243.6116 
8277.4011 
8285.4367 
7920.9561 
8249.2584 
8219.9827 
8163.0368 
8146.0667 
8287.9497 
8331.3517 
8278.5381 
8303.0668 
8263.5275 
8268.2731 
8187.1668 
8359.7167 
8285.2199 
8189.8010 
8297.3522 
8292.7848 
8279.9390 
7329.4338 
8181.2566 
8257.4715 
8275.4992 
8355.0849 
8316.2001 
8208.4738 
