6903.0608 
6925.2411 
6911.7056 
6945.3757 
6900.6493 
6935.0294 
6888.7715 
6933.9252 
6935.7333 
6918.6943 
6921.2669 
6932.4416 
6943.7040 
6927.3721 
6935.3468 
6882.7044 
6948.1170 
6916.9788 
6917.4509 
6938.0925 
6923.1426 
5106.8026 
6938.3582 
6923.5722 
6927.0566 
6888.6866 
6872.5587 
6917.0529 
6908.2278 
6923.2500 
6942.4628 
6916.2239 
3854.9488 
6965.4964 
6960.7683 
6928.1779 
6933.0442 
6943.2810 
6961.7229 
6935.4765 
6909.2208 
6879.9493 
6934.6224 
6910.7723 
6914.8144 
6867.8301 
6920.9412 
6938.1441 
6944.4929 
6942.2796 
