2990.0538 
2993.2191 
2983.2591 
2953.4215 
2983.6677 
2992.0484 
2976.4102 
2997.3265 
2992.9531 
2995.5406 
2987.1135 
2995.4924 
2983.0301 
2997.3779 
2989.5829 
2992.9883 
2997.3213 
2993.0189 
2996.4807 
2994.7176 
2995.6659 
2997.3960 
2987.6311 
2864.4358 
2992.8610 
2993.3121 
1693.0635 
2989.1652 
2976.7586 
2972.7476 
1695.7320 
2988.2562 
2981.4706 
2992.0973 
2992.2302 
2993.2503 
2971.9908 
1881.3555 
2394.6437 
2378.0088 
2984.3976 
2993.0665 
2990.5492 
2995.6525 
2981.4904 
2993.2747 
2982.9098 
2985.4649 
1718.7392 
2990.1366 
