6943.1086 
6912.3954 
6912.0874 
6928.5419 
6940.5454 
6693.1637 
6898.6641 
6920.5984 
6939.4969 
6943.7784 
6919.6909 
6950.5145 
6941.4952 
6891.6510 
6955.4744 
6897.3124 
6908.6754 
6947.7615 
6935.9906 
6883.8397 
6864.8539 
6911.4150 
6900.9534 
6932.0377 
6940.3196 
6922.5897 
6901.3596 
6933.9929 
6895.7125 
6947.0593 
6951.4759 
6890.3275 
6936.4661 
6931.4102 
6931.7440 
5278.7615 
6942.4350 
6879.9694 
6946.9678 
6913.5200 
6923.7644 
6943.4967 
6966.5726 
6946.8492 
6911.4518 
6944.7671 
6940.5561 
6966.5423 
6936.6131 
6901.3330 
