1000.1387 
898.8789 
572.9742 
999.8518 
999.8494 
1000.1369 
999.8100 
1000.1079 
1000.1558 
1000.2054 
816.9410 
895.2267 
999.7840 
1000.0596 
1000.0304 
999.7901 
927.8645 
1000.0307 
999.8439 
999.8257 
972.2161 
999.8619 
1000.1194 
1000.0899 
999.8029 
1000.1057 
1000.1022 
999.7954 
999.9097 
1000.0136 
999.6965 
999.8043 
771.1431 
1000.1148 
784.1421 
673.6633 
756.1601 
1000.0337 
1000.1861 
999.8738 
743.0745 
999.8088 
1000.1101 
1000.1379 
811.5789 
999.8013 
1000.0728 
1000.0475 
1000.1065 
1000.0873 
