8410.4726 
5472.1642 
8324.9663 
8368.0296 
8381.4262 
8464.2801 
8354.2849 
8348.1475 
8032.0014 
8387.7028 
8380.8492 
8381.9102 
8334.7335 
8433.8144 
8393.3292 
8461.4911 
8328.6611 
8182.5013 
8481.1430 
4837.4142 
8475.8042 
8509.2316 
8380.1390 
8447.7397 
8232.6457 
8375.5737 
8411.5305 
4594.1149 
8320.8463 
8436.2173 
8125.9593 
8351.2960 
4389.7206 
8472.0816 
8418.9174 
8363.1930 
8440.0426 
8330.7874 
8349.6571 
8211.0436 
8247.6557 
8411.3595 
8395.8169 
8397.8414 
8397.9730 
8349.4574 
8375.1676 
8371.7279 
8392.3016 
8279.4459 
