2997.1801 
1747.2588 
1718.5423 
2998.4403 
2994.0031 
2998.4866 
2998.7208 
2995.8685 
2998.5198 
2998.7450 
2998.3620 
2993.7856 
2998.7006 
2994.0779 
2997.9465 
2997.9163 
2996.6771 
2998.0429 
2997.9062 
2998.6815 
2990.0888 
2271.7807 
2996.1995 
2386.5457 
2997.6944 
2989.2921 
2997.0937 
2988.8880 
2995.7482 
1792.3944 
2994.0741 
2994.4345 
2995.8472 
2997.7969 
2997.1876 
2998.5450 
2998.6577 
2996.8487 
2345.1992 
2997.7882 
2998.7075 
1738.3699 
2997.3465 
2989.1403 
2989.4984 
2998.0588 
2989.3216 
2996.6927 
2998.2468 
2997.0725 
