2992.6653 
2990.6557 
2998.2268 
2998.5491 
2998.7359 
2998.3622 
2998.7725 
2181.7081 
2997.3168 
1724.2002 
1723.8450 
500.9242 
2988.8627 
1724.2388 
2998.3811 
2996.9881 
2997.0101 
2997.3380 
2997.0249 
2364.6239 
2178.8547 
2997.0416 
2998.7057 
2997.8539 
2996.9299 
2997.0876 
2997.9781 
2997.8590 
2998.1303 
2997.2068 
2993.7423 
2997.1505 
1724.5890 
1974.2021 
2996.4557 
1724.3106 
2996.6855 
2996.2658 
2998.0794 
2992.5024 
2994.6584 
2994.0308 
2996.8570 
2754.5471 
2998.1905 
2997.7064 
2996.9588 
2998.3035 
2996.7039 
2997.0760 
