1704.0753 
2990.1425 
2982.9204 
1674.5677 
2993.8574 
2993.7403 
2995.9624 
2989.8451 
2993.0984 
2987.3993 
2955.6483 
1723.2679 
2978.5805 
2223.3303 
2994.6237 
2991.1005 
2997.4072 
2986.0129 
2688.4952 
2989.1099 
2992.6071 
2979.2195 
2982.0012 
2996.3403 
2993.1206 
2986.6152 
2982.1093 
2997.4992 
2997.4194 
2994.9185 
2983.0631 
2995.4561 
2997.3288 
2985.5244 
2995.4359 
1723.6320 
2991.1169 
2997.1892 
2990.4018 
2985.0759 
2992.0276 
2997.3866 
2990.9379 
2982.0026 
2981.0746 
2994.5101 
2987.4167 
2986.4554 
2973.0755 
2989.5747 
