8449.6174 
8420.6783 
8431.0166 
8330.9494 
8274.9093 
8251.2492 
8355.0534 
8455.7434 
8389.0235 
8422.7423 
8343.4218 
8428.7288 
8449.8139 
8315.4767 
6237.1771 
8314.6486 
8437.3813 
8450.2093 
8403.0566 
8408.8866 
8290.0267 
8388.3662 
8466.4871 
8418.5968 
6496.6127 
8441.9482 
8426.5794 
8402.6876 
8420.7260 
8320.5239 
8344.5480 
8336.6755 
8381.9972 
8417.0399 
8487.2993 
8477.9444 
8296.2725 
8403.0720 
8315.7601 
8388.8910 
8302.0391 
8421.4056 
8464.0336 
8334.4499 
8273.6964 
8395.3164 
8457.6702 
8306.6780 
8310.6827 
8419.4917 
